,Role_Curator,Personal_Values_Cont_Conservation,Self_Esteem_Cont_SELevelIntelligence,Temperament_Centric,Mean_RoleCurator
0,0.524306285,0.29905185,0.803920188,0.625,0.56306958075
1,0.10020175,0.304526932,0.751291395,0.125,0.32025501925
2,0.070987509,0.305975316,0.759899943,0.0,0.28421569199999996
3,0.214651621,0.298591882,0.734010281,0.0,0.311813446
4,0.324363829,0.298715822,0.8145296120000001,0.125,0.39065231575000003
5,0.270685577,0.302364771,0.80726248,0.25,0.407578207
6,0.411287719,0.30125476,0.81912689,0.125,0.41416734225
7,0.205067892,0.305078363,0.78854958,0.0,0.32467395875
8,0.188947073,0.294041392,0.745226552,0.0,0.30705375425000003
9,0.4180171379999999,0.291647835,0.74286248,0.25,0.42563186325
10,0.37445884,0.298071452,0.840128199,0.625,0.53441462275
11,0.231887391,0.3036224839999999,0.77286359,0.5,0.45209336624999996
12,0.262844456,0.301322359,0.810709978,0.0,0.34371919824999997
13,0.396526709,0.30508251,0.696995129,0.625,0.505901087
14,0.291605881,0.30278862,0.817304609,0.125,0.3841747775
15,0.241680008,0.305099674,0.74074567,0.625,0.47813133799999996
16,0.119081391,0.296103541,0.805849429,0.25,0.36775859025
17,0.24641774,0.301683356,0.76550844,0.25,0.390902384
18,0.191404314,0.3005714339999999,0.847728389,0.25,0.39742603425
19,0.086923703,0.302357321,0.80602481,0.5,0.4238264585
20,0.30616176,0.299641384,0.753223493,0.25,0.40225665925
21,0.2484348039999999,0.304796286,0.794730605,0.125,0.36824042375
22,0.112920084,0.30190348,0.678639276,0.25,0.33586571
23,0.280622451,0.296077926,0.7541620640000001,0.125,0.36396561025
24,0.1154088619999999,0.303991518,0.845366527,0.25,0.37869172674999996
25,0.220457932,0.3066701189999999,0.7883320159999999,0.125,0.36011501674999996
26,0.077072426,0.278719575,0.747198143,0.125,0.306997536
27,0.4474550089999999,0.312815045,0.761514838,0.625,0.536696223
28,0.178198353,0.302245765,0.8323425959999999,0.5,0.4531966785
29,0.279873971,0.30267036,0.850028585,0.625,0.514393229
30,0.2226714339999999,0.308935806,0.7872757909999999,0.25,0.3922207577499999
31,0.235462821,0.302183424,0.806342923,0.0,0.33599729199999995
32,0.232308428,0.2997930239999999,0.758289185,0.25,0.38509765924999995
33,0.4180171379999999,0.291647835,0.74286248,0.25,0.42563186325
34,0.1859167219999999,0.299224475,0.8164178320000001,0.625,0.48163975724999997
35,0.233995813,0.305415105,0.812904631,0.625,0.49432888725
36,0.397294167,0.290463962,0.8188188829999999,0.125,0.407894253
37,0.194518143,0.306486763,0.822730617,0.625,0.48718388075
38,0.150299434,0.299774357,0.592983561,0.125,0.292014338
39,0.125529007,0.286605014,0.80899458,0.25,0.36778215025
40,0.0436852009999999,0.313660929,0.7647884779999999,0.125,0.31178365199999997
41,0.248440827,0.299309063,0.8323543590000001,0.625,0.50127606225
42,0.175521332,0.302372805,0.8214881359999999,0.125,0.35609556825
43,0.229020387,0.302039619,0.7938788659999999,0.625,0.48748471799999993
44,0.291315226,0.304379438,0.737557375,0.25,0.39581300975
45,0.13980106,0.309710097,0.8594911159999999,0.5,0.45225056825
46,0.203093581,0.311462345,0.72453652,0.125,0.3410231115
47,0.244625473,0.3236356489999999,0.781052365,0.5,0.46232837174999997
48,0.255114193,0.302772581,0.8045243120000001,0.625,0.4968527715
49,0.13834609,0.30594811,0.736672935,0.0,0.29524178375
50,0.345796819,0.270706516,0.783762706,0.625,0.50631651025
51,0.179343114,0.303481414,0.7953066520000001,0.5,0.444532795
52,0.3119343189999999,0.2855734339999999,0.741015113,0.125,0.3658807165
53,0.227475436,0.307317007,0.7957320640000001,0.625,0.48888112675
54,0.373723704,0.292193723,0.781873825,1.0,0.611947813
55,0.151688398,0.297230876,0.785038523,0.125,0.33973944925
56,0.6015146370000001,0.307968228,0.8691453159999999,0.125,0.47590704525
57,0.554536459,0.310924016,0.8522612690000001,0.625,0.5856804360000001
58,0.302964178,0.29897036,0.735494089,0.0,0.33435715675
59,0.288090885,0.289469776,0.5787616170000001,0.625,0.44533056950000005
60,0.175833246,0.307984831,0.847904773,0.125,0.3641807125
61,0.386003245,0.308150218,0.7160688470000001,0.25,0.4150555775
62,0.28074066,0.288276172,0.697060646,1.0,0.5665193694999999
63,0.323804178,0.305115855,0.838301583,0.25,0.429305404
64,0.334926765,0.305206627,0.82540475,0.0,0.36638453550000005
65,0.177719395,0.309444133,0.8026848129999999,0.125,0.35371208525
66,0.181372205,0.299921905,0.855068797,0.625,0.49034072675
67,0.275113777,0.302750687,0.790906808,0.25,0.404692818
68,0.251613986,0.3045977039999999,0.806046453,0.625,0.49681453575
69,0.23717655,0.300470034,0.76491417,0.25,0.3881401885
70,0.37789192,0.296031753,0.842410716,0.125,0.41033359724999996
71,0.123716011,0.298143017,0.756018483,0.0,0.29446937775
72,0.165512163,0.295407102,0.8353677409999999,1.0,0.5740717515
73,0.162608565,0.306359162,0.805165185,0.0,0.318533228
74,0.162608565,0.306359162,0.805165185,0.0,0.318533228
75,0.4102590339999999,0.30337556,0.839447278,0.125,0.419520468
76,0.15940899,0.305670301,0.7948641009999999,0.25,0.37748584799999996
77,0.280495471,0.283614799,0.674652536,0.5,0.4346907015
78,0.436887147,0.304863101,0.7901176879999999,0.625,0.539216984
79,0.5012228329999999,0.300388861,0.849786322,0.5,0.537849504
80,0.1833951639999999,0.306278418,0.7953017109999999,0.125,0.35249382324999995
81,0.42462325,0.298654106,0.7299226590000001,0.625,0.51955000375
82,0.418077969,0.304329583,0.7994470909999999,0.125,0.41171366074999993
83,0.291836386,0.30440334,0.815088134,0.625,0.509081965
84,0.277133841,0.303716937,0.855643176,0.625,0.5153734885
85,0.24520307,0.298857947,0.8248009709999999,0.25,0.404715497
86,0.169646666,0.299037846,0.75186895,0.125,0.3363883655
87,0.104729081,0.2984196389999999,0.7013410790000001,0.625,0.43237244975
88,0.323802203,0.304401058,0.808769463,0.125,0.39049318099999997
89,0.221067361,0.309773356,0.7990673690000001,0.625,0.4887270215
90,0.138668609,0.311730758,0.651469076,0.625,0.43171711075
91,0.195460818,0.300108576,0.82919146,0.5,0.4561902135
92,0.232103756,0.30537903,0.833588914,0.625,0.499017925
93,0.179672962,0.300745528,0.8347803009999999,0.125,0.36004969774999995
94,0.358152802,0.302657972,0.8154677290000001,0.625,0.52531962575
95,0.34098666,0.3016947889999999,0.80378714,0.625,0.5178671472499999
96,0.126503546,0.310478237,0.74178772,0.125,0.32594237575
97,0.0828811709999999,0.300661022,0.718763041,0.25,0.3380763085
98,0.072616183,0.296256888,0.777409103,0.25,0.3490705435
99,0.239929284,0.302570226,0.7867210379999999,0.0,0.332305137
100,0.368284416,0.2946897639999999,0.812459794,0.5,0.4938584935
101,0.329230209,0.305050814,0.75635367,0.25,0.41015867325
102,0.545814813,0.302296153,0.791905387,0.25,0.47250408825
103,0.1885432239999999,0.296516557,0.776557798,0.625,0.47165439475
104,0.324998435,0.303450541,0.817396798,0.125,0.3927114435
105,0.250890854,0.301173231,0.820126274,0.25,0.40554758975000005
106,0.075852273,0.294421678,0.6571990679999999,0.125,0.28811825474999997
107,0.174085197,0.302660323,0.790228831,0.25,0.37924358775
108,0.261639245,0.302381026,0.80425799,1.0,0.59206956525
109,0.413710517,0.304548577,0.7787233,0.625,0.5304955984999999
110,0.271095376,0.3023931569999999,0.813713569,0.25,0.40930052549999996
111,0.236141316,0.299375992,0.832204614,0.25,0.40443048049999997
112,0.278208921,0.304823738,0.860473571,0.25,0.42337655750000003
113,0.264372858,0.309180131,0.746589498,0.5,0.45503562175
114,0.184886213,0.309315373,0.735021437,0.25,0.36980575574999996
115,0.206384232,0.30412432,0.797259394,0.25,0.3894419865
116,0.378032766,0.312195667,0.721852068,0.5,0.47802012525000004
117,0.370678716,0.314365167,0.823497004,1.0,0.62713522175
118,0.319544978,0.296263435,0.688358466,0.5,0.45104171974999996
119,0.135801487,0.308401333,0.870853311,0.25,0.39126403275
120,0.315162877,0.29408115,0.645998175,0.25,0.3763105505
121,0.156220701,0.290810055,0.661010158,0.25,0.3395102285
122,0.464042014,0.2919953,0.783929242,0.125,0.416241639
123,0.175231433,0.306807734,0.7840695940000001,0.625,0.47277719025000003
124,0.246276131,0.299260519,0.7413533040000001,0.625,0.47797248850000007
125,0.362222195,0.3077510539999999,0.875886431,0.25,0.44896492
126,0.0,0.287274858,0.6319507,0.25,0.2923063895
127,0.357116447,0.303664646,0.827921303,0.5,0.49717559899999997
128,0.193386541,0.308520783,0.7807153509999999,0.125,0.35190566874999996
129,0.343716339,0.303841107,0.784006084,0.625,0.5141408825
130,0.38122091,0.310301184,0.828301197,1.0,0.62995582275
131,0.450614796,0.304498059,0.8182605059999999,0.625,0.54959334025
132,0.338395972,0.301585157,0.83300272,0.125,0.39949596224999995
133,0.155306751,0.304783585,0.8044380640000001,0.25,0.3786321
134,0.380008138,0.320143671,0.7174198509999999,0.5,0.47939291500000003
135,0.3237720089999999,0.3005720189999999,0.688358466,0.5,0.45317562349999996
136,0.28701192,0.294583777,0.688358466,0.5,0.44248854075
137,0.281637904,0.306170765,0.774897783,0.625,0.49692661299999996
138,0.305605739,0.309009628,0.759057775,0.625,0.4996682855
139,0.2155789339999999,0.30131018,0.8026725109999999,0.125,0.36114040624999993
140,0.4228368179999999,0.304466382,0.704081271,0.25,0.42034611774999997
141,0.2225241,0.297168737,0.841937247,0.25,0.40290752100000005
142,0.230328463,0.301255719,0.7814125,0.625,0.4844991705
143,0.320383429,0.29804282,0.736583353,0.0,0.3387524005
144,0.0,0.288074165,0.712242994,0.0,0.25007928975
145,0.336177115,0.3107673039999999,0.798804203,0.25,0.4239371555
146,0.218749071,0.30382119,0.843340709,0.25,0.4039777425
147,0.1958246689999999,0.297935021,0.8355037809999999,0.125,0.36356586774999994
148,0.440331472,0.302465416,0.865514392,0.25,0.46457782000000003
149,0.248658153,0.299523637,0.766324045,0.25,0.39112645874999996
150,0.418434871,0.306450055,0.8356942620000001,0.25,0.45264479700000004
151,0.460147346,0.303432074,0.827866213,0.125,0.42911140825
152,0.236108187,0.304537824,0.7060133670000001,0.625,0.4679148445
153,0.261812505,0.303541106,0.678056393,0.5,0.43585250099999995
154,0.4180171379999999,0.291647835,0.74286248,0.25,0.42563186325
155,0.133947183,0.304440892,0.7959671859999999,0.25,0.37108881525
156,0.304470876,0.302802097,0.80974347,0.125,0.38550411075
157,0.407639924,0.306139873,0.783799763,0.5,0.49939489
158,0.376796588,0.304509155,0.858106968,0.125,0.41610317775
159,0.299974416,0.302082011,0.751131456,0.625,0.49454697075
160,0.11243997,0.3024803339999999,0.8399994340000001,0.5,0.4387299345
161,0.257986701,0.301910891,0.7731312220000001,0.125,0.3645072035
162,0.197636525,0.30574059,0.797843089,0.5,0.45030505099999996
163,0.081670261,0.295413935,0.661473434,0.125,0.29088940750000003
164,0.176133201,0.2993216469999999,0.76146295,0.625,0.4654794495
165,0.27628682,0.302161085,0.710065651,0.125,0.35337838899999996
166,0.430192565,0.275414722,0.724676517,1.0,0.607570951
167,0.462619566,0.30153534,0.797102367,0.125,0.42156431824999996
168,0.214014168,0.302685847,0.7874207,0.625,0.48228017875
169,0.1702387289999999,0.303126025,0.7951999670000001,0.25,0.37964118025
170,0.353651245,0.284080283,0.6221776410000001,0.25,0.37747729225000004
171,0.153992532,0.312359773,0.818127116,0.25,0.38361985525
172,0.284459568,0.298180822,0.708934871,0.0,0.32289381525
173,0.302599935,0.304419743,0.7825002090000001,0.0,0.34737997175
174,0.138591838,0.296450809,0.811408613,0.25,0.374112815
175,0.3100716,0.30761516,0.7929756840000001,1.0,0.602665611
176,0.318003811,0.303642848,0.817798678,0.25,0.42236133425
177,0.445361637,0.305735298,0.807175903,0.625,0.5458182094999999
178,0.195843528,0.3075460539999999,0.830889601,0.5,0.45856979574999995
179,0.232486899,0.301728678,0.8241923000000001,0.5,0.46460196925
180,0.191937075,0.303037407,0.791392614,0.125,0.352841774
181,0.234766535,0.303963969,0.817843676,0.5,0.464143545
182,0.291428995,0.297041828,0.8355822629999999,0.125,0.38726327149999995
183,0.381457586,0.309079997,0.8466653890000001,0.25,0.44680074300000006
184,0.161350368,0.293794583,0.771575528,0.25,0.36918011975
185,0.333734292,0.295960235,0.688358466,0.5,0.45451324825
186,0.236671009,0.288860289,0.6920661459999999,0.5,0.429399361
187,0.1952012719999999,0.303131233,0.7417289029999999,0.125,0.34126535199999997
188,0.345811405,0.285476141,0.845034638,0.5,0.494080546
189,0.3450928029999999,0.298670008,0.837907453,0.25,0.432917566
190,0.196221709,0.3086326219999999,0.868070792,0.125,0.37448128075
191,0.310900196,0.297780295,0.7983593459999999,0.0,0.35175995925
192,0.22761325,0.305382573,0.7787743859999999,0.5,0.45294255225
193,0.359761962,0.303654526,0.7646757959999999,0.125,0.38827307099999997
194,0.274324166,0.3066998019999999,0.8018728270000001,0.25,0.40822419875
195,0.090518128,0.277691587,0.6283540870000001,0.125,0.2803909505
196,0.2382742669999999,0.305695745,0.8087805440000001,0.625,0.49443763900000004
197,0.335339228,0.3058056289999999,0.789134455,0.0,0.357569828
198,0.125998398,0.288854376,0.7574392320000001,0.5,0.41807300150000004
199,0.136770774,0.292851342,0.79966845,0.125,0.3385726415
200,0.1081522869999999,0.302949189,0.8189505229999999,0.125,0.33876299974999996
201,0.096422287,0.284080091,0.6931753,0.5,0.39341941950000003
202,0.410796565,0.279233174,0.801644811,0.625,0.5291686375
203,0.317213117,0.303495158,0.714840402,0.125,0.36513716924999995
204,0.395008029,0.310771751,0.821480269,0.25,0.44431501225000003
205,0.4180171379999999,0.291647835,0.74286248,0.25,0.42563186325
206,0.483424529,0.291394094,0.766720858,0.625,0.54163487025
207,0.274673388,0.30696955,0.781737097,0.125,0.37209500875
208,0.430939856,0.295537271,0.836880909,0.125,0.422089509
209,0.194804771,0.279954948,0.755450318,0.125,0.33880250925
210,0.225591591,0.296412568,0.806879749,0.0,0.332220977
211,0.339674957,0.301424748,0.801485868,0.625,0.51689639325
212,0.256718505,0.297160795,0.852699715,0.625,0.50789475375
213,0.044313852,0.282782477,0.729892615,0.125,0.295497236
214,0.236258608,0.298903518,0.495203755,0.0,0.25759147025
215,0.328344464,0.29055695,0.744385643,0.25,0.40332176425
216,0.316696437,0.3072878069999999,0.837037502,0.25,0.4277554365
217,0.23941005,0.298149673,0.6811812770000001,0.125,0.33593525
218,0.207464823,0.309215544,0.851904456,0.125,0.37339620575
219,0.206181935,0.2926754239999999,0.703833842,0.125,0.33192280025
220,0.3198604539999999,0.299032456,0.832661564,0.625,0.5191386185
221,0.227900526,0.301953573,0.80615579,0.625,0.49025247225
222,0.212831423,0.305204452,0.7714974859999999,0.125,0.35363334025
223,0.4180171379999999,0.291647835,0.74286248,0.25,0.42563186325
224,0.393561621,0.293788321,0.830363187,0.625,0.53567828225
225,0.195249825,0.301548482,0.7509226109999999,0.125,0.3431802295
226,0.1976217689999999,0.302843212,0.792044482,0.625,0.47937736575
227,0.320021178,0.3025152,0.7575844690000001,0.625,0.50128021175
228,0.3349958839999999,0.289432537,0.715636226,0.25,0.39751616175
229,0.251155522,0.307373205,0.754041181,0.625,0.484392477
230,0.441687181,0.296897032,0.7190598659999999,0.125,0.39566101975
231,0.17508297,0.305047847,0.8389774659999999,0.125,0.36102707074999996
232,0.363218426,0.267636252,0.69255632,0.25,0.3933527495
233,0.198143142,0.308812611,0.826751375,0.625,0.489676782
234,0.4180171379999999,0.291647835,0.74286248,0.25,0.42563186325
235,0.0,0.2983091,0.785331571,0.0,0.27091016775
236,0.4180171379999999,0.291647835,0.74286248,0.25,0.42563186325
237,0.4180171379999999,0.291647835,0.74286248,0.25,0.42563186325
238,0.249013865,0.2681470689999999,0.72109355,0.25,0.37206362099999996
239,0.087755141,0.303099371,0.774800926,0.125,0.3226638595
240,0.370125067,0.279870882,0.7717200940000001,0.125,0.38667901075
241,0.154387484,0.281442991,0.662394952,0.125,0.30580635675
242,0.414914713,0.288132744,0.768527211,0.25,0.43039366700000004
243,0.289631655,0.307238012,0.827660505,0.625,0.512382543
244,0.221826297,0.269847381,0.503020901,0.125,0.27992364475
245,0.13799483,0.306305332,0.8348440429999999,0.125,0.35103605125
246,0.160466648,0.309653995,0.816875646,0.25,0.38424907225
247,0.4180171379999999,0.291647835,0.74286248,0.25,0.42563186325
248,0.4180171379999999,0.291647835,0.74286248,0.25,0.42563186325
249,0.1281790069999999,0.301089278,0.8028775359999999,0.125,0.33928645524999995
250,0.022074441,0.281165004,0.7371441879999999,0.125,0.29134590824999995
251,0.3026458,0.295097915,0.8175042020000001,0.625,0.5100619792500001
252,0.269035682,0.3028344069999999,0.636255645,0.0,0.30203143349999995
253,0.338748211,0.28851993,0.6982558320000001,0.0,0.33138099325000003
254,0.0872707559999999,0.289647401,0.749247969,0.625,0.4377915315
255,0.251531507,0.2943122589999999,0.71829951,0.5,0.441035819
256,0.4180171379999999,0.291647835,0.74286248,0.25,0.42563186325
257,0.0,0.289146508,0.67804542,0.125,0.273047982
258,0.33790301,0.286941943,0.562010848,0.0,0.29671395025
259,0.2055244239999999,0.303909188,0.8274383959999999,0.125,0.36546800199999996
260,0.254153658,0.296412923,0.8251704320000001,0.25,0.40643425325000004
261,0.202777929,0.297721564,0.786174114,0.25,0.38416840175
262,0.268654895,0.287753591,0.662915177,0.625,0.46108091575
263,0.4180171379999999,0.291647835,0.74286248,0.25,0.42563186325
264,0.198494704,0.298477103,0.666874695,0.0,0.2909616255
265,0.238733193,0.284943616,0.724630489,0.125,0.3433268245
266,0.197018458,0.298902144,0.70612947,0.5,0.425512518
267,0.265588443,0.301956889,0.754762388,0.125,0.36182693
268,0.3142082539999999,0.297898344,0.8399764209999999,0.625,0.51927075475
269,0.241955538,0.303949668,0.80562394,0.625,0.4941322865
270,0.223907587,0.295291561,0.789742541,0.0,0.32723542225
271,0.135857471,0.3040156069999999,0.775524161,0.125,0.33509930974999996
272,0.241955538,0.303949668,0.80562394,0.625,0.4941322865
273,0.200117371,0.302317541,0.8071965329999999,0.625,0.48365786125
274,0.157435849,0.310951796,0.842294357,0.625,0.4839205005
275,0.379615724,0.309490969,0.843793114,0.625,0.53947495175
276,0.1017294909999999,0.302941297,0.8755092409999999,0.625,0.47629500724999996
277,0.44010233,0.29142892,0.824998682,0.0,0.38913248300000003
278,0.379547545,0.302756493,0.897406914,0.25,0.45742773800000003
279,0.274050747,0.285940211,0.79251495,0.25,0.400626477
280,0.126911095,0.297511652,0.800900209,0.625,0.462580739
281,0.228103434,0.306788541,0.83738381,0.625,0.49931894625
282,0.241955538,0.303949668,0.80562394,0.625,0.4941322865
283,0.335483235,0.308344346,0.801745893,0.25,0.42389336850000003
284,0.291606561,0.300279217,0.821259282,0.25,0.415786265
285,0.298685638,0.302642635,0.859125163,0.625,0.521363359
286,0.2474038589999999,0.299214869,0.699569187,0.5,0.43654697875
287,0.36105202,0.301323711,0.810694688,0.25,0.43076760475
288,0.064142383,0.29610186,0.647692218,0.625,0.40823411525
289,0.210132536,0.293431815,0.784638238,0.125,0.35330064725
290,0.305500325,0.303476757,0.8407661470000001,0.625,0.51868580725
291,0.267025639,0.3074796489999999,0.775624874,0.0,0.3375325405
292,0.339802822,0.303335516,0.754786362,0.125,0.380731175
293,0.336690696,0.306551617,0.841268152,0.125,0.40237761625
294,0.4180171379999999,0.291647835,0.74286248,0.25,0.42563186325
295,0.241955538,0.303949668,0.80562394,0.625,0.4941322865
296,0.241955538,0.303949668,0.80562394,0.625,0.4941322865
297,0.133017746,0.284812474,0.7349268520000001,0.125,0.319439268
298,0.218135245,0.2950075,0.8133342020000001,0.125,0.36286923675000005
299,0.094054694,0.300974495,0.8199660809999999,0.25,0.3662488175
300,0.174552364,0.29734361,0.767165439,0.25,0.37226535325
301,0.183861081,0.305073556,0.811744173,0.125,0.3564197025
302,0.226903318,0.2934439339999999,0.8216574000000001,0.25,0.398001163
303,0.206631085,0.301354328,0.8361717009999999,0.25,0.3985392785
304,0.246014296,0.300475032,0.767559131,0.125,0.35976211475
305,0.2038813239999999,0.308369211,0.8419379459999999,0.25,0.40104712024999994
306,0.3357286929999999,0.299426882,0.8123637920000001,0.5,0.48687984175
307,0.301383388,0.303309551,0.7352768409999999,0.25,0.39749244499999997
308,0.204689953,0.2950543,0.743652662,0.5,0.43584922875
309,0.438375882,0.305959551,0.797821408,0.625,0.54178921025
310,0.28770837,0.27502264,0.6851240829999999,0.25,0.37446377325
311,0.271239583,0.303901661,0.84702893,0.625,0.5117925435
312,0.336953933,0.28852557,0.7164927,0.125,0.36674305075
313,0.337684561,0.304130463,0.763805214,0.125,0.3826550595
314,0.180431986,0.303972216,0.7287954209999999,0.25,0.36579990575
315,0.243535933,0.296123275,0.8276287459999999,0.25,0.4043219885
316,0.284699322,0.3046641969999999,0.750915307,0.25,0.3975697065
317,0.127675754,0.301612866,0.793472253,0.625,0.46194021825
318,0.155351355,0.300792208,0.779443386,0.125,0.34014673725
319,0.124449951,0.279539834,0.7208755809999999,0.625,0.43746634149999997
320,0.156216577,0.288768691,0.67619626,0.625,0.43654538200000004
321,0.113546132,0.303471978,0.84399529,0.0,0.31525335
322,0.234283776,0.300885665,0.796440045,0.125,0.3641523715
323,0.207892456,0.304182883,0.822906131,0.0,0.3337453675
324,0.2104906,0.30285946,0.775035886,0.5,0.4470964865
325,0.2467536139999999,0.286771616,0.7474562929999999,0.625,0.47649538075
326,0.195193381,0.304335235,0.761977942,0.5,0.4403766395
327,0.382287247,0.298493346,0.739736318,0.625,0.51137922775
328,0.026993621,0.275654723,0.302305065,1.0,0.40123835225
329,0.241955538,0.303949668,0.80562394,0.625,0.4941322865
330,0.251098972,0.298759518,0.7809113109999999,0.625,0.48894245024999994
331,0.387651134,0.297053957,0.8287939959999999,0.5,0.50337477175
332,0.235212835,0.300644244,0.6749844290000001,0.0,0.30271037700000003
333,0.248543029,0.2904702289999999,0.728033668,0.625,0.4730117315
334,0.278273077,0.304219731,0.760327596,0.5,0.460705101
335,0.5584981529999999,0.288969739,0.75032773,0.25,0.4619489055
336,0.181665397,0.30196353,0.836239652,1.0,0.57996714475
337,0.4180171379999999,0.291647835,0.74286248,0.25,0.42563186325
338,0.194937723,0.303996442,0.76230685,0.25,0.37781025375
339,0.2253151339999999,0.299072307,0.796894454,0.25,0.39282047374999995
340,0.350301938,0.293998412,0.8038957440000001,0.25,0.4245490235
341,0.326650287,0.298596682,0.775855429,0.625,0.5065255995
342,0.3837239529999999,0.294481896,0.7504237659999999,0.25,0.41965740374999994
343,0.4180171379999999,0.291647835,0.74286248,0.25,0.42563186325
344,0.2474038589999999,0.299214869,0.699569187,0.5,0.43654697875
345,0.218737076,0.311281168,0.70612947,0.5,0.4340369285
346,0.38930169,0.303184333,0.8098134779999999,0.625,0.53182487525
347,0.364674356,0.3051924789999999,0.856477189,0.625,0.537836006
348,0.1959656719999999,0.306538127,0.811455122,0.625,0.48473973024999994
349,0.354198201,0.3035317369999999,0.814220864,0.625,0.5242377005
350,0.346307032,0.304170567,0.8178620409999999,0.5,0.49208491
351,0.3720842579999999,0.306746296,0.785800962,0.25,0.42865787899999996
352,0.293165971,0.306425657,0.870927142,0.625,0.5238796925
353,0.441326982,0.3067305939999999,0.8218011940000001,0.625,0.5487146924999999
354,0.2474038589999999,0.299214869,0.699569187,0.5,0.43654697875
355,0.207556301,0.286198233,0.697052989,0.625,0.45395188075000004
356,0.14802218,0.302514665,0.586345943,0.625,0.415470697
357,0.17711419,0.304308833,0.8480757520000001,0.25,0.39487469375
358,0.073252929,0.315392316,0.597320222,0.5,0.37149136675
359,0.163970718,0.304920509,0.748258489,0.125,0.335537429
360,0.408304936,0.309163843,0.833267031,0.625,0.5439339525
361,0.13238146,0.270598247,0.665024123,0.125,0.2982509575
362,0.250939345,0.306543528,0.785339158,0.625,0.49195550774999997
363,0.287466634,0.302744646,0.794627981,0.0,0.34620981525
364,0.194157076,0.2865478589999999,0.71847584,0.25,0.36229519374999997
365,0.244410684,0.299060978,0.852340167,0.125,0.38020295725
366,0.368930365,0.3043570339999999,0.7709466559999999,0.25,0.42355851375
367,0.206058023,0.301182435,0.7810078109999999,0.625,0.47831206725
368,0.36660087,0.31065519,0.782435753,0.625,0.52117295325
369,0.537813702,0.301971647,0.799722335,0.5,0.534876921
370,0.4180171379999999,0.291647835,0.74286248,0.25,0.42563186325
371,0.398605334,0.302910456,0.7952915,0.5,0.4992018225
372,0.351551761,0.285731611,0.768527211,0.0,0.35145264575
373,0.16280228,0.2995004,0.777410589,0.625,0.46617831725000003
374,0.401650128,0.309285455,0.793180083,0.0,0.3760289165
375,0.303258948,0.311096055,0.800452249,0.25,0.41620181300000003
376,0.26118006,0.308491991,0.781746822,0.125,0.36910471825
377,0.304728517,0.305376201,0.785324081,0.25,0.41135719974999996
378,0.136834197,0.303921196,0.8658290820000001,0.0,0.32664611875000005
379,0.211303008,0.299900203,0.7185657809999999,0.25,0.369942248
380,0.076892989,0.313068967,0.660055684,0.125,0.29375441
381,0.264373431,0.311499054,0.6745746990000001,0.25,0.375111796
382,0.4180171379999999,0.291647835,0.74286248,0.25,0.42563186325
383,0.197692427,0.285739453,0.7723667679999999,0.5,0.43894966199999996
384,0.432128196,0.3041999469999999,0.617923673,0.25,0.40106295399999997
385,0.2603350769999999,0.298763792,0.8248009709999999,0.25,0.40847495999999994
386,0.159183295,0.292947051,0.7745027809999999,0.125,0.33790828175
387,0.211656942,0.3062940289999999,0.70612947,0.5,0.43102011025
388,0.112423195,0.30580678,0.72376967,0.0,0.28549991125
389,0.157850723,0.306610552,0.697120393,0.125,0.321645417
390,0.052307369,0.298845186,0.776815527,0.25,0.3444920205
391,0.074865663,0.3044951369999999,0.785887577,0.625,0.44756209425
392,0.165282774,0.30187724,0.7874935909999999,0.25,0.37616340125
393,0.251179001,0.303190197,0.723051453,0.125,0.35060516275
394,0.221149453,0.3052844939999999,0.70612947,0.5,0.43314085425
395,0.4180171379999999,0.291647835,0.74286248,0.25,0.42563186325
396,0.061057394,0.2986855519999999,0.649767436,0.125,0.28362759549999994
397,0.245195871,0.30269154,0.826396131,0.25,0.40607088550000003
398,0.225526055,0.27390616,0.653547772,0.0,0.28824499675000004
399,0.289309001,0.29947675,0.727687,0.625,0.48536818775
400,0.254144697,0.31020701,0.7653979999999999,0.625,0.48868742675
401,0.35349968,0.297576116,0.85371515,0.125,0.4074477365
402,0.37032128,0.309085458,0.76721077,0.125,0.392904377
403,0.1466862,0.305710283,0.749834894,0.25,0.36305784425
404,0.2464636539999999,0.304670671,0.830451433,0.625,0.5016464395
405,0.332000036,0.301912164,0.7938173270000001,0.125,0.38818238174999997
406,0.257363825,0.304806457,0.8102417820000001,0.125,0.37435301600000004
407,0.4180171379999999,0.291647835,0.74286248,0.25,0.42563186325
408,0.4180171379999999,0.291647835,0.74286248,0.25,0.42563186325
409,0.155413339,0.307546727,0.88515298,0.625,0.4932782615
410,0.151162391,0.301542401,0.7551716559999999,0.25,0.364469112
411,0.202111948,0.3001670489999999,0.624214068,0.625,0.43787326625
412,0.12940161,0.2960484439999999,0.757182888,0.0,0.2956582355
413,0.4180171379999999,0.291647835,0.74286248,0.25,0.42563186325
414,0.152811394,0.282573486,0.7355540079999999,0.125,0.32398472199999995
415,0.224794953,0.303337031,0.85858266,0.5,0.471678661
416,0.4180171379999999,0.291647835,0.74286248,0.25,0.42563186325
417,0.148182177,0.298267598,0.731453593,0.125,0.325725842
418,0.150697168,0.3078529789999999,0.770132112,0.25,0.36967056475
419,0.1675936019999999,0.299339294,0.824855303,0.125,0.35419704975
420,0.241955538,0.303949668,0.80562394,0.625,0.4941322865
421,0.1082855809999999,0.3052609069999999,0.759157315,0.25,0.35567595074999997
422,0.4180171379999999,0.291647835,0.74286248,0.25,0.42563186325
423,0.244689035,0.297644429,0.827806397,0.625,0.49878496525
424,0.249820535,0.301750931,0.713334767,0.125,0.34747655825
425,0.4180171379999999,0.291647835,0.74286248,0.25,0.42563186325
426,0.4180171379999999,0.291647835,0.74286248,0.25,0.42563186325
427,0.4180171379999999,0.291647835,0.74286248,0.25,0.42563186325
428,0.4180171379999999,0.291647835,0.74286248,0.25,0.42563186325
429,0.241606453,0.30493681,0.793118604,0.625,0.49116546675
430,0.4180171379999999,0.291647835,0.74286248,0.25,0.42563186325
431,0.241955538,0.303949668,0.80562394,0.625,0.4941322865
432,0.130015489,0.308603663,0.760390399,0.125,0.33100238775
433,0.204077599,0.305024271,0.69260117,0.5,0.42542576
434,0.4180171379999999,0.291647835,0.74286248,0.25,0.42563186325
435,0.4180171379999999,0.291647835,0.74286248,0.25,0.42563186325
436,0.4180171379999999,0.291647835,0.74286248,0.25,0.42563186325
437,0.124795084,0.302881035,0.7609610840000001,0.125,0.32840930075
438,0.131985841,0.304327674,0.7596521190000001,0.625,0.4552414085
439,0.4180171379999999,0.291647835,0.74286248,0.25,0.42563186325
440,0.4180171379999999,0.291647835,0.74286248,0.25,0.42563186325
441,0.052677059,0.301431182,0.810167031,0.25,0.353568818
442,0.241955538,0.303949668,0.80562394,0.625,0.4941322865
443,0.4180171379999999,0.291647835,0.74286248,0.25,0.42563186325
444,0.4180171379999999,0.291647835,0.74286248,0.25,0.42563186325
445,0.4180171379999999,0.291647835,0.74286248,0.25,0.42563186325
446,0.4180171379999999,0.291647835,0.74286248,0.25,0.42563186325
447,0.309493874,0.273252194,0.753084483,0.125,0.36520763775
448,0.4180171379999999,0.291647835,0.74286248,0.25,0.42563186325
449,0.149369397,0.306022772,0.811211708,0.125,0.34790096925
450,0.4180171379999999,0.291647835,0.74286248,0.25,0.42563186325
451,0.1230324669999999,0.307346782,0.7169872620000001,0.5,0.41184162775
452,0.321558705,0.296406309,0.786038824,0.125,0.3822509595
453,0.4180171379999999,0.291647835,0.74286248,0.25,0.42563186325
454,0.29704143,0.298737209,0.8245065779999999,0.25,0.41757130425
455,0.171584228,0.30124975,0.7991532140000001,0.625,0.474246798
456,0.090135985,0.301239767,0.825074767,1.0,0.55411262975
457,0.288320006,0.301222165,0.81481816,0.625,0.50734008275
458,0.344129447,0.30418013,0.79638714,0.125,0.39242417925
459,0.098367863,0.305319453,0.786098207,0.625,0.45369638075
460,0.4180171379999999,0.291647835,0.74286248,0.25,0.42563186325
461,0.340687113,0.3007441939999999,0.774960545,0.125,0.38534796299999996
462,0.364782851,0.2965207039999999,0.712276705,0.125,0.37464506499999994
463,0.4180171379999999,0.291647835,0.74286248,0.25,0.42563186325
464,0.149988923,0.293695899,0.7600851270000001,0.5,0.42594248725
465,0.4180171379999999,0.291647835,0.74286248,0.25,0.42563186325
466,0.4180171379999999,0.291647835,0.74286248,0.25,0.42563186325
467,0.4180171379999999,0.291647835,0.74286248,0.25,0.42563186325
468,0.319071719,0.293195094,0.71527552,0.125,0.36313558325
469,0.4180171379999999,0.291647835,0.74286248,0.25,0.42563186325
470,0.156356471,0.304452783,0.686325637,0.125,0.31803372275
471,0.114430118,0.3014611989999999,0.780606618,0.125,0.33037448375
472,0.4180171379999999,0.291647835,0.74286248,0.25,0.42563186325
473,0.4180171379999999,0.291647835,0.74286248,0.25,0.42563186325
474,0.0,0.297133633,0.762071597,0.125,0.2960513075
475,0.2131140789999999,0.295566259,0.7809847109999999,0.25,0.38491626225
476,0.4180171379999999,0.291647835,0.74286248,0.25,0.42563186325
477,0.4180171379999999,0.291647835,0.74286248,0.25,0.42563186325
478,0.398053106,0.293169173,0.678078277,0.25,0.404825139
479,0.291642197,0.3073688189999999,0.801580982,0.125,0.3813979995
480,0.252806917,0.304612442,0.763360897,0.25,0.392695064
481,0.241955538,0.303949668,0.80562394,0.625,0.4941322865
482,0.4180171379999999,0.291647835,0.74286248,0.25,0.42563186325
483,0.243784133,0.295953352,0.809177131,0.125,0.368478654
484,0.4180171379999999,0.291647835,0.74286248,0.25,0.42563186325
485,0.4180171379999999,0.291647835,0.74286248,0.25,0.42563186325
486,0.186718431,0.296995697,0.833547907,0.25,0.39181550875000004
487,0.4180171379999999,0.291647835,0.74286248,0.25,0.42563186325
488,0.100719555,0.298258397,0.779699356,0.5,0.419669327
489,0.346249708,0.270762318,0.745238939,0.125,0.37181274125
490,0.241955538,0.303949668,0.80562394,0.625,0.4941322865
491,0.195078431,0.301192397,0.826680745,0.0,0.33073789325
492,0.165470718,0.30648482,0.7861679140000001,0.5,0.439530863
493,0.116990273,0.300735403,0.7704189379999999,0.125,0.3282861535
494,0.4180171379999999,0.291647835,0.74286248,0.25,0.42563186325
495,0.1964738439999999,0.29781881,0.8528130079999999,0.625,0.4930264154999999
496,0.4180171379999999,0.291647835,0.74286248,0.25,0.42563186325
497,0.4180171379999999,0.291647835,0.74286248,0.25,0.42563186325
498,0.4180171379999999,0.291647835,0.74286248,0.25,0.42563186325
499,0.1069713069999999,0.309834151,0.85536491,0.25,0.38054259199999996
500,0.4180171379999999,0.291647835,0.74286248,0.25,0.42563186325
501,0.4180171379999999,0.291647835,0.74286248,0.25,0.42563186325
502,0.145264886,0.279905884,0.803267451,0.25,0.36960955525
503,0.4180171379999999,0.291647835,0.74286248,0.25,0.42563186325
504,0.053403632,0.285608276,0.715388338,0.5,0.3886000615
505,0.144108507,0.309617406,0.776425715,0.625,0.463787907
506,0.4180171379999999,0.291647835,0.74286248,0.25,0.42563186325
507,0.205137275,0.309170845,0.828956556,0.125,0.367066169
508,0.241955538,0.303949668,0.80562394,0.625,0.4941322865
509,0.2125563869999999,0.305245873,0.758609835,0.25,0.38160302375
510,0.245039693,0.302995605,0.7900535059999999,0.25,0.39702220099999996
511,0.21358272,0.304346717,0.818229597,0.125,0.3652897585
512,0.00207846,0.292593372,0.737220205,0.125,0.28922300925
513,0.183191356,0.299680387,0.790925896,0.25,0.38094940975
514,0.205750341,0.303121915,0.789827053,0.625,0.48092482725
515,0.4180171379999999,0.291647835,0.74286248,0.25,0.42563186325
516,0.180151134,0.30479909,0.788719513,0.0,0.31841743425
517,0.194303604,0.296219682,0.801726328,0.0,0.3230624035
518,0.228491709,0.300132461,0.818960743,0.25,0.39939622825
519,0.4180171379999999,0.291647835,0.74286248,0.25,0.42563186325
520,0.0,0.302952716,0.731486425,0.5,0.38360978525
521,0.4180171379999999,0.291647835,0.74286248,0.25,0.42563186325
522,0.2815308,0.3109372,0.709237943,0.25,0.38792648575
523,0.300891063,0.297664226,0.762733298,0.5,0.46532214675
524,0.4180171379999999,0.291647835,0.74286248,0.25,0.42563186325
525,0.1449411069999999,0.300839085,0.636740945,0.25,0.33313028424999996
526,0.4180171379999999,0.291647835,0.74286248,0.25,0.42563186325
527,0.255468616,0.3073799439999999,0.7711848579999999,0.125,0.36475835449999994
528,0.144787657,0.304125732,0.7600920529999999,0.0,0.3022513605
529,0.313347836,0.3023642689999999,0.817514403,0.625,0.5145566269999999
530,0.241955538,0.303949668,0.80562394,0.625,0.4941322865
531,0.4180171379999999,0.291647835,0.74286248,0.25,0.42563186325
532,0.374588665,0.305024593,0.832205937,0.625,0.53420479875
533,0.241955538,0.303949668,0.80562394,0.625,0.4941322865
534,0.229592953,0.304451543,0.7643270040000001,0.25,0.387092875
535,0.1597814719999999,0.301621298,0.750285309,0.25,0.36542201975
536,0.133204809,0.298470364,0.7485768420000001,0.5,0.42006300375000005
537,0.272897034,0.307453941,0.784083443,0.125,0.3723586045
538,0.241955538,0.303949668,0.80562394,0.625,0.4941322865
539,0.17715842,0.301567077,0.7456027740000001,0.125,0.33733206775
540,0.4180171379999999,0.291647835,0.74286248,0.25,0.42563186325
541,0.292496785,0.296322197,0.740467285,0.125,0.36357156675
542,0.10318042,0.311356613,0.8138158879999999,0.5,0.43208823025
543,0.212215767,0.300271287,0.77608551,0.25,0.38464314099999997
544,0.4180171379999999,0.291647835,0.74286248,0.25,0.42563186325
545,0.207980116,0.305921872,0.815998797,0.25,0.39497519625
546,0.25466533,0.3023664669999999,0.7895841159999999,0.125,0.36790397825
547,0.4180171379999999,0.291647835,0.74286248,0.25,0.42563186325
548,0.238402177,0.300075579,0.674845567,0.25,0.36583083075
549,0.241955538,0.303949668,0.80562394,0.625,0.4941322865
550,0.241955538,0.303949668,0.80562394,0.625,0.4941322865
551,0.187677289,0.30050695,0.8096126159999999,0.125,0.35569921374999997
552,0.4180171379999999,0.291647835,0.74286248,0.25,0.42563186325
553,0.4180171379999999,0.291647835,0.74286248,0.25,0.42563186325
554,0.257090888,0.302885367,0.8466568990000001,1.0,0.6016582885
555,0.4180171379999999,0.291647835,0.74286248,0.25,0.42563186325
556,0.1803144019999999,0.299871579,0.7979113259999999,0.0,0.31952432675
557,0.4180171379999999,0.291647835,0.74286248,0.25,0.42563186325
558,0.258290836,0.300139013,0.766905252,0.625,0.48758377525
559,0.241955538,0.303949668,0.80562394,0.625,0.4941322865
560,0.251659872,0.3057029739999999,0.783843838,1.0,0.585301671
561,0.0,0.291878963,0.799656589,0.0,0.272883888
562,0.241955538,0.303949668,0.80562394,0.625,0.4941322865
563,0.189153368,0.303072605,0.757248294,0.25,0.37486856675
564,0.161282421,0.309109034,0.7617860129999999,0.625,0.464294367
565,0.4180171379999999,0.291647835,0.74286248,0.25,0.42563186325
566,0.124252153,0.302257438,0.72579428,0.125,0.31932596775
567,0.2686275369999999,0.295348207,0.778313897,0.5,0.46057241024999995
568,0.4180171379999999,0.291647835,0.74286248,0.25,0.42563186325
569,0.061887484,0.305248576,0.64240522,0.0,0.25238532
570,0.371390183,0.298643557,0.7939017209999999,0.125,0.39723386525
571,0.4180171379999999,0.291647835,0.74286248,0.25,0.42563186325
572,0.096745484,0.303784721,0.8129024,0.5,0.42835815125
573,0.4426440239999999,0.28824428,0.661728269,0.625,0.5044041432499999
574,0.1688458,0.301119786,0.4754456179999999,0.25,0.298852801
575,0.164353521,0.2986284389999999,0.692063688,0.25,0.35126141199999994
576,0.189330836,0.308224078,0.7940195809999999,0.0,0.32289362374999997
577,0.005269637,0.290746256,0.76689779,0.125,0.29697842075
578,0.1414687859999999,0.296613182,0.823448495,0.25,0.37788261574999993
579,0.273004824,0.296817025,0.795774733,0.25,0.4038991455
580,0.165244543,0.29977014,0.7787713540000001,0.25,0.37344650925
581,0.241955538,0.303949668,0.80562394,0.625,0.4941322865
582,0.295170028,0.305389674,0.7957837809999999,0.625,0.50533587075
583,0.4180171379999999,0.291647835,0.74286248,0.25,0.42563186325
584,0.4180171379999999,0.291647835,0.74286248,0.25,0.42563186325
585,0.170276361,0.297165484,0.7730285729999999,0.0,0.3101176045
586,0.125554206,0.305059633,0.5578188479999999,0.25,0.30960817175
587,0.4180171379999999,0.291647835,0.74286248,0.25,0.42563186325
588,0.317673035,0.3004860589999999,0.804490762,0.125,0.386912464
589,0.4180171379999999,0.291647835,0.74286248,0.25,0.42563186325
590,0.4180171379999999,0.291647835,0.74286248,0.25,0.42563186325
591,0.4180171379999999,0.291647835,0.74286248,0.25,0.42563186325
592,0.378806408,0.298920558,0.741817471,0.25,0.41738610924999997
593,0.4180171379999999,0.291647835,0.74286248,0.25,0.42563186325
594,0.126625736,0.298879895,0.747112991,0.25,0.35565465549999997
595,0.1182371919999999,0.29487653,0.772589505,0.125,0.32767580674999996
596,0.4180171379999999,0.291647835,0.74286248,0.25,0.42563186325
597,0.122968478,0.299273074,0.744681969,1.0,0.54173088025
598,0.297956918,0.304216892,0.786348281,0.625,0.50338052275
599,0.068135249,0.299697176,0.764002015,0.125,0.31420861
600,0.0889236519999999,0.30187085,0.782551213,0.125,0.32458642875
601,0.0467030109999999,0.303635795,0.77203225,0.25,0.343092764
602,0.242064862,0.292641216,0.7714974859999999,0.125,0.35780089099999995
603,0.111065508,0.304332626,0.803629886,0.25,0.36725700499999997
604,0.441087097,0.300067028,0.8312449909999999,0.5,0.5180997789999999
605,0.28054326,0.305790919,0.6939053909999999,1.0,0.5700598925
606,0.4180171379999999,0.291647835,0.74286248,0.25,0.42563186325
607,0.234742964,0.302352066,0.8546102040000001,1.0,0.5979263085
608,0.4180171379999999,0.291647835,0.74286248,0.25,0.42563186325
609,0.184593626,0.303517065,0.836874083,0.625,0.4874961935
610,0.171451631,0.30393063,0.804245457,0.25,0.3824069295
611,0.155817762,0.303563698,0.801487411,0.125,0.34646721775
612,0.155022955,0.300608284,0.809454424,0.25,0.37877141575
613,0.185791011,0.313157205,0.838288824,0.625,0.49055926
614,0.167441424,0.304075148,0.746618627,0.0,0.30453379975
615,0.134285951,0.310483076,0.790433726,0.25,0.37130068824999996
616,0.241955538,0.303949668,0.80562394,0.625,0.4941322865
617,0.148486917,0.297819003,0.751664841,0.625,0.45574269025
618,0.241955538,0.303949668,0.80562394,0.625,0.4941322865
619,0.4180171379999999,0.291647835,0.74286248,0.25,0.42563186325
620,0.4180171379999999,0.291647835,0.74286248,0.25,0.42563186325
621,0.076011583,0.29990326,0.781900095,0.25,0.3519537345
622,0.102680478,0.303162816,0.780932264,0.125,0.32794388950000003
623,0.127681225,0.303911471,0.832130597,0.5,0.44093082325
624,0.267909186,0.306859504,0.785604058,0.125,0.371343187
625,0.122276555,0.299396258,0.7496847240000001,0.125,0.32408938425
626,0.171555953,0.285893948,0.762268411,0.125,0.336179578
627,0.241955538,0.303949668,0.80562394,0.625,0.4941322865
628,0.4180171379999999,0.291647835,0.74286248,0.25,0.42563186325
629,0.229152133,0.29672179,0.722011946,0.125,0.34322146725
630,0.241955538,0.303949668,0.80562394,0.625,0.4941322865
