,Role_Charismatic,Personal_Values_Facet_Cont_Tradition,Self_Esteem_Cont_SELevelAppearance,Character_Facet_Cont_Assertiveness,Character_Facet_Cont_Cautiousness,Mean_RoleCharismatic
0,0.408443922,0.318747333,0.684412412,0.4943844089999999,0.7519741640000001,0.5315924479999999
1,0.407624418,0.3825936689999999,0.6354929229999999,0.468738263,0.571198092,0.49312947299999993
2,0.4434533129999999,0.325262963,0.3986863029999999,0.515928894,0.309321691,0.39853063279999995
3,0.408993968,0.440821023,0.703668961,0.516412242,0.535321962,0.5210436312000001
4,0.135649946,0.405968121,0.439668497,0.586193315,0.567603721,0.42701671999999996
5,0.549378461,0.357216628,0.645623064,0.579497367,0.593126637,0.5449684314000001
6,0.481167303,0.4528578729999999,0.684451728,0.51362751,0.7058024759999999,0.5675813780000001
7,0.346749156,0.352060394,0.7167023020000001,0.658008439,0.499600777,0.5146242136
8,0.216937755,0.287123113,0.581757599,0.407217382,0.356794712,0.36996611220000003
9,0.397342197,0.341651902,0.458655514,0.412746541,0.387027114,0.39948465359999996
10,0.58666557,0.440419062,0.703445282,0.458322947,0.657743845,0.5693193412
11,0.514547954,0.394332684,0.6931322670000001,0.478476943,0.439081845,0.5039143386
12,0.409442,0.346955276,0.704393013,0.598065411,0.575174747,0.5268060894000001
13,0.476390475,0.325475976,0.540889929,0.278765551,0.565664305,0.4374372472
14,0.431379354,0.32161885,0.6450628979999999,0.504468621,0.527296289,0.48596520239999996
15,0.455793215,0.312278526,0.6848371190000001,0.602629809,0.590487171,0.529205168
16,0.763920114,0.337044193,0.712828583,0.494719375,0.4456233189999999,0.5508271168
17,0.494631691,0.329261336,0.750651361,0.538617452,0.7063286120000001,0.5638980904
18,0.426889499,0.41513301,0.7573157840000001,0.401360487,0.556620723,0.5114639006
19,0.7172019070000001,0.386779029,0.736254587,0.42684146,0.664826449,0.5863806864
20,0.51950678,0.338222189,0.523276203,0.443343073,0.274074061,0.41968446119999997
21,0.393990259,0.341903959,0.740998927,0.544261201,0.590579031,0.5223466753999999
22,0.54489398,0.402524646,0.558339743,0.583228922,0.41037888,0.4998732342
23,0.401965437,0.264437203,0.5588114510000001,0.6287942679999999,0.6959053279999999,0.5099827374
24,0.414841171,0.400130339,0.7370388440000001,0.353034941,0.411171064,0.4632432718
25,0.3554383,0.315208066,0.7443125890000001,0.683604647,0.630887168,0.5458901540000001
26,0.435065557,0.3697438429999999,0.4141248329999999,0.310388837,0.259535692,0.3577717524
27,0.409104562,0.378597196,0.518774427,0.3798438389999999,0.3683367039999999,0.4109313456
28,0.6387125379999999,0.361410242,0.694359675,0.734239979,0.6226403939999999,0.6102725656
29,0.689875883,0.353560112,0.679237561,0.48636578,0.531278159,0.5480634990000001
30,0.560043231,0.291945902,0.650227552,0.568416924,0.910022359,0.5961311936
31,0.3565424579999999,0.50708202,0.594262569,0.615273364,0.54976242,0.5245845661999999
32,0.5532120620000001,0.314899634,0.710572448,0.5814460029999999,0.611960521,0.5544181335999999
33,0.397342197,0.341651902,0.458655514,0.412746541,0.387027114,0.39948465359999996
34,0.606592909,0.320501561,0.7379543270000001,0.583282266,0.67182894,0.5840320005999999
35,0.551747879,0.388601044,0.508043438,0.453504093,0.587288705,0.49783703179999994
36,0.220451083,0.370459332,0.484642511,0.330548458,0.487494747,0.3787192262
37,0.681820839,0.33522545,0.74389587,0.51031831,0.708758859,0.5960038656
38,0.443147403,0.253775801,0.6031789479999999,0.645105589,0.555451139,0.500131776
39,0.429462478,0.365142867,0.491356684,0.3097617689999999,0.4920813089999999,0.4175610213999999
40,0.258967778,0.24837811,0.502627046,0.4150943279999999,0.412711293,0.36755571099999995
41,0.6096919510000001,0.353430812,0.785468051,0.4053662729999999,0.629429154,0.5566772482
42,0.581645263,0.390919517,0.762176975,0.497075422,0.5950392729999999,0.56537129
43,0.6216757310000001,0.515264006,0.634674732,0.537515804,0.56147735,0.5741215246
44,0.613344078,0.323521697,0.7047671640000001,0.50013462,0.8353061820000001,0.5954147482
45,0.649172698,0.437676341,0.722533711,0.5050466029999999,0.625969378,0.5880797462
46,0.413956956,0.340462444,0.614314431,0.396932756,0.316932147,0.41651974680000003
47,0.298735781,0.394968166,0.573743708,0.45086037,0.273707732,0.3984031514
48,0.5294576529999999,0.509267185,0.699520363,0.4135562379999999,0.606243289,0.5516089456
49,0.332144438,0.330701311,0.702794303,0.722939491,0.7443021790000001,0.5665763443999999
50,0.483359282,0.293325448,0.387373332,0.404053775,0.386772376,0.3909768426
51,0.550657549,0.281040564,0.7163455590000001,0.5527856179999999,0.467116796,0.5135892172000001
52,0.4254722689999999,0.299981891,0.40240087,0.646759641,0.289080809,0.412739096
53,0.583187096,0.32162544,0.685329133,0.4259506979999999,0.657762462,0.5347709657999999
54,0.527166005,0.382081206,0.636348142,0.398450509,0.5216651139999999,0.4931421951999999
55,0.249683997,0.359189245,0.5034247629999999,0.502418374,0.427822039,0.4085076836
56,0.336920671,0.510961957,0.7183360520000001,0.318066581,0.412453136,0.4593476794
57,0.457565894,0.422349551,0.65116709,0.563596585,0.4542947779999999,0.5097947796
58,0.470929514,0.402886619,0.717857388,0.458361453,0.659245956,0.541856186
59,0.400411681,0.309960326,0.594176895,0.316895936,0.362672666,0.39682350079999995
60,0.375600069,0.366591929,0.7226543190000001,0.470005231,0.44555412,0.47608113360000004
61,0.401269759,0.381757236,0.687808602,0.365739101,0.536735776,0.47466209480000005
62,0.618392929,0.34707032,0.571989716,0.242083187,0.554377285,0.4667826874
63,0.522002255,0.415360866,0.6687141,0.4793730639999999,0.643132163,0.5457164896
64,0.36231352,0.2816208169999999,0.668697292,0.555212474,0.547338965,0.48303661360000005
65,0.44574797,0.329132555,0.6585701820000001,0.568176131,0.359207012,0.47216677
66,0.711985888,0.2810494839999999,0.769072967,0.385671386,0.3809820579999999,0.5057523566
67,0.639321985,0.363329787,0.705989614,0.482222757,0.473304145,0.5328336576000001
68,0.665336189,0.381508544,0.7650897959999999,0.545807966,0.65158818,0.601866135
69,0.536068966,0.329508046,0.7198329090000001,0.5947392429999999,0.630259036,0.5620816399999999
70,0.4462453629999999,0.294364588,0.7728482520000001,0.597589053,0.5685747170000001,0.5359243946000001
71,0.363502777,0.3770130779999999,0.6822189670000001,0.505244276,0.498516997,0.485299219
72,0.601353235,0.311241426,0.7287318290000001,0.432316207,0.660232147,0.5467749688
73,0.254139486,0.432607669,0.543266728,0.626204461,0.6986952329999999,0.5109827154
74,0.254139486,0.432607669,0.543266728,0.626204461,0.6986952329999999,0.5109827154
75,0.381489167,0.360679581,0.707662199,0.514641989,0.485482609,0.4899911090000001
76,0.5331249379999999,0.32291199,0.8053279870000001,0.5505829520000001,0.598438484,0.5620772702
77,0.7352110909999999,0.290694141,0.459761782,0.584253907,0.389364803,0.4918571448
78,0.603948535,0.364641275,0.622340647,0.477382561,0.606654629,0.5349935294
79,0.346008137,0.400480992,0.68035331,0.457191326,0.605189114,0.4978445758
80,0.436878157,0.282715601,0.661816335,0.7589807479999999,0.568573114,0.541792791
81,0.541852118,0.50716127,0.6856902979999999,0.43586641,0.469353639,0.527984747
82,0.346376827,0.362026489,0.6537760810000001,0.496456937,0.6894642879999999,0.5096201244
83,0.60330925,0.310209199,0.7331043429999999,0.679137848,0.636381827,0.5924284934
84,0.564178454,0.355044786,0.76633366,0.4333737039999999,0.4288426629999999,0.5095546534
85,0.555752528,0.314899634,0.660181761,0.562195724,0.596681998,0.537942329
86,0.8317417229999999,0.343306519,0.76006012,0.34158566,0.601988924,0.5757365892
87,0.591367701,0.314426544,0.472647019,0.652468081,0.694609748,0.5451038186
88,0.526916389,0.404137691,0.7933307940000001,0.45170025,0.548066293,0.5448302834
89,0.649350973,0.318842956,0.738772677,0.502374459,0.63058502,0.567985217
90,0.451110806,0.436424449,0.490661697,0.495506974,0.7422687459999999,0.5231945344
91,0.59632421,0.4761146229999999,0.709305785,0.4029423279999999,0.602785189,0.557494427
92,0.640854543,0.320838762,0.678701187,0.463068434,0.538552196,0.5284030244
93,0.392319532,0.4278724779999999,0.69123543,0.569697902,0.405619145,0.49734889740000005
94,0.5859533729999999,0.396701435,0.6691216560000001,0.48895204,0.550274288,0.5382005584
95,0.550473868,0.35338133,0.711008834,0.541525311,0.5325015470000001,0.5377781779999999
96,0.389002662,0.341345289,0.6903668820000001,0.51718193,0.535824388,0.49474423019999997
97,0.598235034,0.257177369,0.5807146089999999,0.603872606,0.468493972,0.501698718
98,0.656829765,0.287643537,0.636982079,0.60195397,0.449918002,0.5266654706
99,0.421838966,0.3392858079999999,0.7075917970000001,0.61277738,0.567751904,0.529849171
100,0.656605358,0.36626164,0.71851773,0.535977722,0.59985803,0.575444096
101,0.580587228,0.368181571,0.7149515790000001,0.5117171229999999,0.50007915,0.5351033302
102,0.300233728,0.316209036,0.625887404,0.4287874889999999,0.443827616,0.4229890546
103,0.65014614,0.416210067,0.428744321,0.699497757,0.4059041929999999,0.5201004956
104,0.488470621,0.459424022,0.630079487,0.50809004,0.4870410739999999,0.5146210487999999
105,0.5632991629999999,0.314899634,0.690318347,0.572940409,0.61123834,0.5505391786
106,0.331008901,0.340062846,0.4967102,0.501419607,0.446251821,0.42309067499999997
107,0.553376579,0.32291199,0.759257772,0.552175328,0.567537937,0.5510519212
108,0.674310464,0.374626455,0.742584138,0.397222467,0.533975553,0.5445438154
109,0.468623403,0.364415321,0.6602537620000001,0.426483719,0.424555965,0.468866434
110,0.494164117,0.456573513,0.743436421,0.383130966,0.511069615,0.5176749264
111,0.5879505070000001,0.3092533189999999,0.704406523,0.525179115,0.4856771239999999,0.5224933176
112,0.328740317,0.415397931,0.6698709979999999,0.34014047,0.495558897,0.44994172260000004
113,0.469113242,0.4708691229999999,0.7464145940000001,0.513742733,0.7548109890000001,0.5909901362000001
114,0.547921447,0.28708103,0.74420533,0.62219244,0.62015069,0.5643101874
115,0.645427784,0.413837664,0.705614333,0.5746134970000001,0.707487237,0.609396103
116,0.303976991,0.310228342,0.7637894559999999,0.49520386,0.7119707759999999,0.5170338849999999
117,0.638039911,0.362459349,0.7103131420000001,0.493987436,0.6733344809999999,0.5756268637999999
118,0.386840205,0.340784282,0.512855675,0.549444363,0.325132998,0.4230115046
119,0.587010561,0.346247165,0.6760547490000001,0.333918853,0.367229806,0.4620922268000001
120,0.4131181379999999,0.336914854,0.547590734,0.5302698770000001,0.3868258979999999,0.44294390019999996
121,0.5830234679999999,0.318119769,0.5591134329999999,0.414828195,0.3501015999999999,0.44503729299999994
122,0.158139181,0.345805539,0.553893458,0.455024969,0.319675167,0.3665076628
123,0.5591408920000001,0.385718455,0.772661907,0.5254425229999999,0.634547832,0.5755023217999999
124,0.616407816,0.380143409,0.63615507,0.457964639,0.468413212,0.5118168292
125,0.596596721,0.352947765,0.71767509,0.354266986,0.563723723,0.5170420569999999
126,0.7676855929999999,0.332301676,0.631339229,0.578704885,0.275892248,0.5171847261999999
127,0.317324865,0.446783814,0.74621188,0.451683412,0.423540536,0.4771089014
128,0.367609963,0.447092376,0.661299901,0.7678517579999999,0.58052212,0.5648752236
129,0.528227362,0.347486247,0.677672655,0.589738374,0.7407867029999999,0.5767822681999999
130,0.600262474,0.391288463,0.737301125,0.488008882,0.690734333,0.5815190554
131,0.608253234,0.372219071,0.635274146,0.495639338,0.563561864,0.5349895306
132,0.487221859,0.359544539,0.7634216070000001,0.581671181,0.532430121,0.5448578613999999
133,0.444650868,0.306819055,0.756030051,0.497096231,0.463708899,0.49366102079999996
134,0.354825027,0.559107017,0.541820321,0.407299586,0.512095945,0.47502957919999994
135,0.427021521,0.346453382,0.57724911,0.557425938,0.321533972,0.4459367846
136,0.374828626,0.330527649,0.512855675,0.542492092,0.312647258,0.41467026
137,0.7207842459999999,0.4374685239999999,0.7039882670000001,0.555118902,0.714460355,0.6263640587999999
138,0.4696089329999999,0.2912369489999999,0.532194571,0.526923013,0.4204928739999999,0.44809126799999993
139,0.366332717,0.245055496,0.63292579,0.6739935459999999,0.5710361660000001,0.497868743
140,0.412937558,0.333510491,0.5759305889999999,0.485905181,0.3921659529999999,0.4400899544
141,0.51578287,0.344646395,0.683281945,0.427181815,0.5589170210000001,0.5059620092
142,0.715035869,0.377083912,0.771766033,0.531951031,0.643922574,0.6079518838
143,0.404002484,0.4105235679999999,0.511405253,0.491493045,0.597069882,0.4828988464
144,0.42660734,0.378706665,0.5370720379999999,0.569313164,0.218905249,0.42612089119999996
145,0.551671128,0.261691773,0.7186903840000001,0.65072713,0.410046887,0.5185654604
146,0.389065811,0.365769696,0.634326132,0.3241867969999999,0.494523149,0.441574317
147,0.651412511,0.371075,0.646135993,0.4693633279999999,0.649951626,0.5575876916
148,0.368523968,0.449588281,0.728051375,0.384146114,0.597154341,0.5054928157999999
149,0.584684158,0.386433787,0.806966348,0.5246911870000001,0.540517447,0.5686585854
150,0.605900486,0.3907250889999999,0.598874438,0.471062031,0.585354991,0.530383407
151,0.418872674,0.285485098,0.527882892,0.522012621,0.618664369,0.47458353080000004
152,0.7149279390000001,0.391692324,0.758902858,0.557764425,0.6421493420000001,0.6130873776000001
153,0.616064789,0.276031338,0.603159644,0.483655261,0.607460559,0.5172743181999999
154,0.397342197,0.341651902,0.458655514,0.412746541,0.387027114,0.39948465359999996
155,0.414660639,0.304083811,0.7237503340000001,0.572557303,0.626838359,0.5283780892
156,0.496436909,0.32469839,0.655222917,0.5788192560000001,0.49697651,0.5104307964
157,0.40236556,0.415741356,0.7037817270000001,0.452830301,0.6893528290000001,0.5328143546
158,0.515879955,0.3996324979999999,0.763522019,0.628246946,0.7387627990000001,0.6092088433999999
159,0.553042183,0.353790693,0.673300252,0.6254714020000001,0.52154806,0.5454305180000001
160,0.4968897439999999,0.293091368,0.650963931,0.671385162,0.7118795790000001,0.5648419568
161,0.3742937289999999,0.35258594,0.7572102909999999,0.5314781,0.421383581,0.48739032819999994
162,0.487268364,0.290893045,0.7343836970000001,0.641733282,0.587884993,0.5484326762
163,0.737009338,0.307043462,0.613919283,0.513784409,0.363420677,0.5070354338
164,0.6535553620000001,0.343404444,0.606462094,0.4239374589999999,0.58531732,0.5225353358
165,0.471266054,0.347647928,0.711045505,0.568777085,0.515648918,0.522877098
166,0.505951933,0.296086077,0.494037886,0.590542267,0.205150665,0.41835376560000004
167,0.394043051,0.360276373,0.588728453,0.444978056,0.626065433,0.48281827320000004
168,0.412023467,0.40682252,0.496741495,0.435184001,0.387164761,0.4275872488
169,0.5482155479999999,0.32291199,0.781823468,0.560000869,0.593590129,0.5613084008
170,0.373169893,0.339563035,0.592642769,0.597251254,0.267863657,0.43409812160000005
171,0.590092484,0.347859222,0.748540002,0.473511875,0.67237181,0.5664750786
172,0.386798285,0.5983590999999999,0.703481328,0.6216348979999999,0.8560188479999999,0.6332584918
173,0.5019266729999999,0.326961392,0.761242208,0.588049528,0.6928612279999999,0.5742082058
174,0.622859838,0.393026765,0.6958670229999999,0.584116436,0.5627482079999999,0.5717236539999999
175,0.662124092,0.341980771,0.698727825,0.554006478,0.641606578,0.5796891488
176,0.4839986679999999,0.408297808,0.734779512,0.485003055,0.567661373,0.5359480832
177,0.59469682,0.311126188,0.70558235,0.600730326,0.64136195,0.5706995268
178,0.487086891,0.329248386,0.777499235,0.674295408,0.566837731,0.5669935302
179,0.678618445,0.333768599,0.74507997,0.505552276,0.540676716,0.5607392012
180,0.3682032779999999,0.369021622,0.758317397,0.6606470520000001,0.616857007,0.5546092712
181,0.3602456429999999,0.419614927,0.677408195,0.622057524,0.7351282370000001,0.5628909052
182,0.490797781,0.351742589,0.759080373,0.7313494890000001,0.52316404,0.5712268544000001
183,0.573383935,0.375745499,0.6105874170000001,0.5273642239999999,0.557620378,0.5289402905999999
184,0.640523196,0.429003895,0.627567013,0.4144639329999999,0.596982221,0.5417080515999999
185,0.39048668,0.340784282,0.5459466829999999,0.549538544,0.331779981,0.431707234
186,0.402065175,0.365801405,0.4227423329999999,0.540864174,0.370576594,0.4204099362
187,0.575972455,0.316497729,0.762114544,0.467945613,0.508388014,0.526183671
188,0.2296820339999999,0.235973518,0.600874531,0.5173305189999999,0.4375275529999999,0.40427763099999997
189,0.243883181,0.338125545,0.550681771,0.616753261,0.308962329,0.41168121739999997
190,0.538240869,0.333655981,0.7483743620000001,0.478666821,0.476917637,0.515171134
191,0.322758281,0.294469879,0.554183781,0.509893472,0.5277050679999999,0.4418020962
192,0.64196859,0.375006719,0.756630191,0.542256417,0.596598052,0.5824919937999999
193,0.4445701179999999,0.378104169,0.652579381,0.475128331,0.5977228960000001,0.5096209789999999
194,0.699206395,0.387165736,0.342775199,0.575105623,0.668421806,0.5345349518
195,0.494422492,0.329956629,0.389994997,0.455090671,0.434215137,0.4207359852
196,0.534099743,0.301341921,0.731812027,0.5384492879999999,0.7413197840000001,0.5694045526
197,0.395381379,0.326284564,0.771383299,0.447027366,0.548219379,0.4976591974
198,0.456695927,0.340190731,0.5359651879999999,0.631146689,0.343978624,0.4615954318
199,0.2706867,0.487971768,0.566318125,0.465867257,0.359020406,0.42997285119999995
200,0.625561643,0.357412949,0.6542960729999999,0.584678338,0.6128928379999999,0.5669683682
201,0.6425679320000001,0.32355735,0.507532123,0.53731598,0.307514228,0.46369752259999997
202,0.641573574,0.347521692,0.511063752,0.476072689,0.449944917,0.4852353248
203,0.438875421,0.251429993,0.683218103,0.38718401,0.453583474,0.44285820020000005
204,0.682180887,0.351716074,0.650782923,0.521816094,0.518136346,0.5449264648
205,0.397342197,0.341651902,0.458655514,0.412746541,0.387027114,0.39948465359999996
206,0.317720926,0.3224935,0.54410138,0.644998945,0.380504899,0.44196393
207,0.319630329,0.353978368,0.728242059,0.484743114,0.474679756,0.4722547252
208,0.453144002,0.290362973,0.6654293370000001,0.538676746,0.527211444,0.49496490040000013
209,0.6327953070000001,0.333645386,0.54753246,0.599860327,0.131428556,0.44905240720000006
210,0.344127151,0.304148585,0.64225578,0.570510472,0.546159452,0.48144028800000005
211,0.683094704,0.424084722,0.760236586,0.3943752679999999,0.407522148,0.5338626855999999
212,0.62735381,0.374177405,0.743631714,0.548114357,0.568945818,0.5724446208
213,0.089911985,0.298083046,0.475614935,0.476437997,0.271748868,0.3223593662
214,0.158387635,0.32054166,0.4498909889999999,0.542571035,0.542805132,0.40283929020000003
215,0.564228993,0.2899279489999999,0.643352347,0.383379555,0.2919610569999999,0.43456998019999993
216,0.717377728,0.380982636,0.710708841,0.470336145,0.4146521279999999,0.5388114955999999
217,0.17106731,0.376569377,0.4265700329999999,0.6635858729999999,0.527602606,0.43307903979999995
218,0.37247456,0.54952034,0.695994303,0.3100280589999999,0.456555075,0.4769144674
219,0.4249250129999999,0.296138838,0.658955262,0.4720340939999999,0.293161766,0.42904299459999995
220,0.55371553,0.411163328,0.727656093,0.381334622,0.518867603,0.5185474351999999
221,0.630023175,0.447019382,0.658597795,0.348901323,0.443159732,0.5055402813999998
222,0.359649847,0.321724831,0.4585595729999999,0.485091237,0.451357755,0.4152766486
223,0.397342197,0.341651902,0.458655514,0.412746541,0.387027114,0.39948465359999996
224,0.6647185529999999,0.473964615,0.756391232,0.42660015,0.518379196,0.5680107492
225,0.628286868,0.371830554,0.715862297,0.574436803,0.7208861259999999,0.6022605296
226,0.593229818,0.404119666,0.6216093970000001,0.4384319439999999,0.603423022,0.5321627694
227,0.5074042879999999,0.326041879,0.511768982,0.406414991,0.329331333,0.41619229459999996
228,0.46388262,0.344865457,0.525834755,0.5591156620000001,0.3377406289999999,0.4462878246
229,0.579865851,0.3431292379999999,0.74712057,0.3985995989999999,0.625365652,0.5388161819999999
230,0.341549225,0.382448866,0.748199438,0.498816855,0.761326944,0.5464682656
231,0.252625847,0.423026477,0.60917489,0.386269887,0.534896939,0.44119880800000005
232,0.508243433,0.351660292,0.527391734,0.526072568,0.5032386879999999,0.4833213429999999
233,0.579008328,0.356177326,0.765652415,0.384597805,0.3786056029999999,0.4928082954
234,0.397342197,0.341651902,0.458655514,0.412746541,0.387027114,0.39948465359999996
235,0.183271348,0.3639389079999999,0.491084607,0.406234817,0.388137985,0.366533533
236,0.397342197,0.341651902,0.458655514,0.412746541,0.387027114,0.39948465359999996
237,0.397342197,0.341651902,0.458655514,0.412746541,0.387027114,0.39948465359999996
238,0.646328964,0.335018821,0.594697085,0.551562715,0.301076213,0.48573675959999996
239,0.268270438,0.339147455,0.470208379,0.461599749,0.4835834479999999,0.40456189380000007
240,0.319886331,0.3658817,0.608467372,0.530856749,0.176550763,0.400328583
241,0.266549989,0.343921737,0.579571145,0.4163667729999999,0.434599347,0.4082017982
242,0.268574701,0.364001932,0.5372034920000001,0.521208358,0.449616943,0.42812108520000003
243,0.555551179,0.214575403,0.68883165,0.459848,0.624050008,0.508571248
244,0.400797411,0.339698721,0.5477390120000001,0.508418875,0.3338478,0.4261003638
245,0.478344572,0.364900761,0.716568718,0.416975109,0.512741023,0.49790603660000005
246,0.783933538,0.356018757,0.712742781,0.449871166,0.428458478,0.5462049440000001
247,0.397342197,0.341651902,0.458655514,0.412746541,0.387027114,0.39948465359999996
248,0.397342197,0.341651902,0.458655514,0.412746541,0.387027114,0.39948465359999996
249,0.307106696,0.333299577,0.67453002,0.780004678,0.7207295690000001,0.563134108
250,0.806017071,0.357593129,0.435394405,0.767922695,0.269162391,0.5272179382
251,0.345918996,0.342429594,0.587377863,0.4968713729999999,0.220018976,0.3985233603999999
252,0.390979655,0.4129340139999999,0.658616526,0.7027354790000001,0.333784245,0.49980998379999997
253,0.3010972189999999,0.387004295,0.52622339,0.611479164,0.57373296,0.4799074056
254,0.3644838829999999,0.34569425,0.4200433179999999,0.329571417,0.332495637,0.35845770099999996
255,0.190612515,0.414994838,0.606441729,0.493326192,0.3847612629999999,0.41802730740000005
256,0.397342197,0.341651902,0.458655514,0.412746541,0.387027114,0.39948465359999996
257,0.4171501829999999,0.331484624,0.725572691,0.563038027,0.411049933,0.4896590916
258,0.292537587,0.330227255,0.624840411,0.426882162,0.268422253,0.38858193360000004
259,0.4430685179999999,0.351382241,0.7634108270000001,0.543236205,0.532642783,0.5267481148
260,0.5366089270000001,0.383358517,0.6352381460000001,0.545853319,0.567600188,0.5337318194
261,0.395281775,0.265928502,0.559970042,0.647266903,0.664582227,0.5066058898000001
262,0.573919635,0.319338357,0.490974676,0.54971991,0.249063688,0.43660325320000004
263,0.397342197,0.341651902,0.458655514,0.412746541,0.387027114,0.39948465359999996
264,0.118865809,0.440903525,0.5395838829999999,0.402371962,0.388677177,0.3780804712
265,0.1765754839999999,0.375867138,0.604696419,0.411320957,0.413022943,0.39629658819999997
266,0.450687485,0.330251099,0.662614468,0.434765786,0.313957671,0.43845530180000003
267,0.589358487,0.348316945,0.507799849,0.533459365,0.579024207,0.5115917705999999
268,0.53182094,0.288860548,0.7503477040000001,0.444445426,0.547306312,0.5125561860000001
269,0.668645766,0.35258528,0.755971545,0.539407337,0.640965005,0.5915149866
270,0.409052137,0.369825121,0.755983159,0.548078881,0.588380991,0.5342640578
271,0.4021659139999999,0.451377746,0.620186692,0.603568425,0.57787031,0.5310338174
272,0.668645766,0.35258528,0.755971545,0.539407337,0.640965005,0.5915149866
273,0.654245605,0.336693936,0.705491594,0.5360792289999999,0.610398969,0.5685818666
274,0.57760004,0.345696445,0.6879943909999999,0.336020628,0.396448885,0.46875207779999994
275,0.525269124,0.394140548,0.7011278470000001,0.528468766,0.485756243,0.5269525056
276,0.715769942,0.329863521,0.726083218,0.499391012,0.5430603829999999,0.5628336152
277,0.131878578,0.392148126,0.521822994,0.629577552,0.590622243,0.45320989860000005
278,0.537487367,0.430157495,0.7569619479999999,0.505514984,0.558124845,0.5576493278
279,0.747436898,0.305172104,0.5316233539999999,0.786141492,0.447714994,0.5636177684
280,0.592808412,0.380622951,0.694096479,0.5805534139999999,0.400911276,0.5297985063999999
281,0.639646704,0.329779206,0.6793979790000001,0.534519256,0.5509982210000001,0.5468682732000001
282,0.668645766,0.35258528,0.755971545,0.539407337,0.640965005,0.5915149866
283,0.564512135,0.3694864879999999,0.65456862,0.567807861,0.54760207,0.5407954347999999
284,0.531379542,0.40971428,0.699034907,0.541749202,0.554799994,0.5473355850000001
285,0.5098942,0.325394451,0.701005578,0.544652256,0.468470701,0.5098834372000001
286,0.3541526439999999,0.340784282,0.512855675,0.5368788729999999,0.300375746,0.40900944399999994
287,0.552277691,0.319331867,0.745513888,0.52749057,0.609608933,0.5508445898
288,0.5006486410000001,0.320553563,0.566831369,0.475556927,0.233829473,0.4194839946
289,0.52258506,0.311377602,0.499853712,0.51281604,0.45725318,0.4607771188
290,0.5778905639999999,0.347485153,0.751411353,0.469512104,0.5850689579999999,0.5462736263999999
291,0.3462474479999999,0.383022486,0.704148025,0.579724053,0.767679014,0.5561642052
292,0.526858072,0.347648766,0.735974186,0.542835611,0.612699793,0.5532032856
293,0.45316131,0.499681087,0.62028498,0.557112599,0.476802797,0.5214085546
294,0.397342197,0.341651902,0.458655514,0.412746541,0.387027114,0.39948465359999996
295,0.668645766,0.35258528,0.755971545,0.539407337,0.640965005,0.5915149866
296,0.668645766,0.35258528,0.755971545,0.539407337,0.640965005,0.5915149866
297,0.489712062,0.35158463,0.61097031,0.5875391179999999,0.2526502989999999,0.45849128380000004
298,0.343470241,0.2514241889999999,0.535858863,0.532946247,0.6141506529999999,0.4555700385999999
299,0.557281838,0.397494859,0.720691376,0.408977845,0.548032989,0.5264957814000001
300,0.518539997,0.322133734,0.7742146520000001,0.42400896,0.3581650429999999,0.4794124772
301,0.4889072679999999,0.4436240879999999,0.70904672,0.635877424,0.5314034360000001,0.5617717872
302,0.675767893,0.346796977,0.7405956290000001,0.448760306,0.545623304,0.5515088218
303,0.4894143589999999,0.284347814,0.610200665,0.591086081,0.511257168,0.4972612174
304,0.490461739,0.460687041,0.761847763,0.552662632,0.8199467220000001,0.6171211794
305,0.574125106,0.3493553789999999,0.715734054,0.567516704,0.683174637,0.577981176
306,0.293129256,0.321123212,0.7573591140000001,0.513213852,0.5119779520000001,0.47936067720000003
307,0.641728902,0.335557122,0.768509725,0.4520415129999999,0.467215256,0.5330105035999999
308,0.372816766,0.183121862,0.520183304,0.405507396,0.397980357,0.375921937
309,0.5469672179999999,0.392250899,0.616665946,0.398585759,0.641238885,0.5191417414
310,0.4155465279999999,0.341994341,0.662791779,0.483375255,0.299638678,0.4406693162
311,0.607774371,0.309189748,0.660060668,0.53885879,0.543850598,0.5319468350000001
312,0.171606433,0.37307952,0.463326101,0.412481418,0.496297868,0.383358268
313,0.5505839379999999,0.357173735,0.704426503,0.5243170079999999,0.7232599140000001,0.5719522196000001
314,0.404952257,0.381076886,0.538122147,0.476073881,0.541427081,0.46833045040000004
315,0.488182857,0.316952593,0.682601285,0.5001344320000001,0.573498149,0.5122738632
316,0.6552604320000001,0.35709569,0.477389036,0.6681030410000001,0.629737239,0.5575170876
317,0.623426126,0.386269727,0.69293247,0.597224061,0.760554518,0.6120813803999999
318,0.528023481,0.33260633,0.7328701879999999,0.450782908,0.586321313,0.526120844
319,0.574168692,0.315286715,0.477315165,0.6818180859999999,0.290618007,0.46784133299999997
320,0.715975529,0.422409256,0.590269235,0.509834983,0.331910118,0.5140798242
321,0.490113864,0.287728268,0.763092807,0.620757117,0.428256712,0.5179897536
322,0.391210144,0.3414423789999999,0.450593939,0.582467813,0.41589862,0.43632257899999993
323,0.314973347,0.349089952,0.73669135,0.615528552,0.380297695,0.4793161792
324,0.450337593,0.3705952289999999,0.7097515590000001,0.572674425,0.689146908,0.5585011428000001
325,0.541564622,0.424829217,0.5532829979999999,0.5416950429999999,0.298022479,0.4718788718
326,0.293511627,0.314645963,0.458394646,0.455180605,0.481494286,0.40064542540000003
327,0.581047684,0.337164155,0.7187508770000001,0.366467183,0.508140395,0.5023140588
328,0.6422049989999999,0.373303764,0.547313869,0.6121852320000001,0.336412131,0.5022839990000001
329,0.668645766,0.35258528,0.755971545,0.539407337,0.640965005,0.5915149866
330,0.630517879,0.436999472,0.7683276729999999,0.548332969,0.650772943,0.6069901871999999
331,0.462825304,0.411365827,0.675306992,0.467870077,0.64559822,0.5325932840000001
332,0.379157746,0.409636523,0.74772549,0.524014705,0.725898767,0.5572866461999999
333,0.526573995,0.324454045,0.671745873,0.483096257,0.412727457,0.4837195254
334,0.346169474,0.4630220379999999,0.784931547,0.396057967,0.54580939,0.5071980831999999
335,0.20893497,0.311764263,0.496797606,0.42880558,0.414737862,0.3722080562
336,0.651969247,0.325484661,0.720919497,0.636174421,0.57488471,0.5818865071999999
337,0.397342197,0.341651902,0.458655514,0.412746541,0.387027114,0.39948465359999996
338,0.64738754,0.348990941,0.7635792370000001,0.536709952,0.70603228,0.60053999
339,0.7432818859999999,0.2740383839999999,0.5926336320000001,0.60888981,0.783900765,0.6005488954
340,0.408855125,0.255135811,0.499307393,0.512187202,0.495486759,0.434194458
341,0.312139106,0.3714963089999999,0.706370845,0.553138292,0.2820502119999999,0.4450389527999999
342,0.637669785,0.328007852,0.661967718,0.490686846,0.523682813,0.5284030028
343,0.397342197,0.341651902,0.458655514,0.412746541,0.387027114,0.39948465359999996
344,0.3541526439999999,0.340784282,0.512855675,0.5368788729999999,0.300375746,0.40900944399999994
345,0.4446792329999999,0.340462444,0.524245243,0.425126587,0.31386396,0.4096754934
346,0.494485957,0.4247758789999999,0.7060420690000001,0.375181211,0.483713768,0.4968397768
347,0.638147229,0.406055622,0.569861258,0.448857699,0.520246379,0.5166336374
348,0.516216557,0.358343176,0.766690833,0.573363585,0.527499159,0.548422662
349,0.476272795,0.332517606,0.706263566,0.571488045,0.628887446,0.5430858916
350,0.466502409,0.40203817,0.732663287,0.538139414,0.7399121259999999,0.5758510812000001
351,0.573463414,0.333948091,0.718329082,0.505218601,0.601925049,0.5465768474000001
352,0.683963346,0.4052001289999999,0.717029641,0.456733839,0.384848262,0.5295550433999999
353,0.492113552,0.320322581,0.7452678859999999,0.4874779929999999,0.485432078,0.5061228179999999
354,0.3541526439999999,0.340784282,0.512855675,0.5368788729999999,0.300375746,0.40900944399999994
355,0.557081611,0.3368626289999999,0.45203195,0.335680043,0.45250315,0.4268318766
356,0.469150487,0.4447500029999999,0.775402975,0.554689518,0.271814333,0.5031614632
357,0.672108233,0.328805888,0.7633902859999999,0.5350853529999999,0.506800415,0.5612380349999999
358,0.452817749,0.465357319,0.450051515,0.5590880779999999,0.376183756,0.4606996834
359,0.442480831,0.296818902,0.664423682,0.7296921,0.523307782,0.5313446594
360,0.523090698,0.323291447,0.685563039,0.473103657,0.567982404,0.514606249
361,0.495204704,0.386715144,0.4985062179999999,0.4908630539999999,0.355641694,0.44538616279999993
362,0.4808725279999999,0.46092949,0.624617683,0.659349365,0.70459052,0.5860719172
363,0.466987586,0.41028423,0.626082878,0.5341741489999999,0.549448808,0.5173955302
364,0.399739415,0.312312735,0.574703074,0.488664866,0.406042706,0.4362925592
365,0.551702881,0.4259744029999999,0.809558393,0.431837411,0.520179163,0.5478504502
366,0.419496309,0.314377945,0.806563195,0.625252931,0.569078152,0.5469537064
367,0.538506546,0.3863284999999999,0.7233945209999999,0.465209701,0.51871484,0.5264308215999999
368,0.61018323,0.332121727,0.6558964110000001,0.533446847,0.669526414,0.5602349258
369,0.408960615,0.373415958,0.748463465,0.297491847,0.713409272,0.5083482314
370,0.397342197,0.341651902,0.458655514,0.412746541,0.387027114,0.39948465359999996
371,0.325415805,0.3997680999999999,0.7173837,0.384763426,0.5192956989999999,0.4693253459999999
372,0.2247974,0.317278406,0.57123519,0.5185307720000001,0.451911287,0.41675061100000005
373,0.601464742,0.310661382,0.7298755809999999,0.532743723,0.575895626,0.5501282108
374,0.429647526,0.31832716,0.699994187,0.605321459,0.490656789,0.5087894242000001
375,0.6628971220000001,0.27963321,0.6840615320000001,0.490208414,0.6742639490000001,0.5582128454
376,0.530595948,0.385013977,0.665595662,0.472964341,0.733680146,0.5575700147999999
377,0.388505503,0.357855287,0.506106849,0.271424522,0.511798277,0.40713808760000003
378,0.409101605,0.325746771,0.58905753,0.366848723,0.439003756,0.42595167700000003
379,0.447421749,0.282345738,0.665970897,0.707509078,0.717606559,0.5641708042
380,0.575053548,0.330239576,0.5801987120000001,0.629342293,0.289015915,0.4807700088000001
381,0.461087886,0.333360945,0.541819365,0.517562514,0.451443487,0.4610548394
382,0.397342197,0.341651902,0.458655514,0.412746541,0.387027114,0.39948465359999996
383,0.669062184,0.248048283,0.605387934,0.6277493279999999,0.388469577,0.5077434612
384,0.57205518,0.350810877,0.616506827,0.4904168,0.4426602979999999,0.4944899963999999
385,0.548956959,0.314899634,0.659023778,0.548731678,0.582383349,0.5307990796
386,0.346327215,0.319467838,0.660133799,0.416280315,0.521329895,0.4527078124000001
387,0.442320399,0.330251099,0.614005509,0.435918487,0.318109465,0.4281209918
388,0.360525176,0.312623378,0.78882766,0.668695363,0.615811954,0.5492967062
389,0.438758803,0.3712551089999999,0.62601799,0.512974036,0.763344212,0.5424700299999999
390,0.7188615359999999,0.36854761,0.642704174,0.500768642,0.6284399479999999,0.571864382
391,0.575290092,0.3552508029999999,0.676522518,0.399525115,0.5266132139999999,0.5066403484
392,0.44778469,0.376883947,0.651978183,0.21412863,0.380729521,0.4143009942
393,0.366009798,0.402405542,0.714299543,0.630266882,0.71672685,0.565941723
394,0.434719615,0.330251099,0.630816956,0.429648111,0.3314427,0.43137569619999994
395,0.397342197,0.341651902,0.458655514,0.412746541,0.387027114,0.39948465359999996
396,0.450437584,0.422097056,0.680478638,0.597419519,0.5965885320000001,0.5494042658
397,0.599566677,0.3646754479999999,0.6864656720000001,0.551786121,0.55474436,0.5514476556
398,0.120335271,0.36067487,0.487956921,0.509006905,0.366074044,0.3688096022
399,0.57719778,0.333379845,0.713834005,0.402905991,0.6785426520000001,0.5411720546
400,0.554037584,0.308179555,0.629022774,0.52721242,0.705474787,0.544785424
401,0.49720724,0.51944124,0.769913532,0.3931005389999999,0.34201249,0.5043350082
402,0.4999380639999999,0.3405875779999999,0.760477495,0.407068108,0.618412675,0.5252967839999999
403,0.474822361,0.302040626,0.653982016,0.750311581,0.7713166379999999,0.5904946444
404,0.602291339,0.442399749,0.735640175,0.535119053,0.650367506,0.5931635644
405,0.460159902,0.379392367,0.780849958,0.468794456,0.482814054,0.5144021474
406,0.364350976,0.445279582,0.710804188,0.391148027,0.653427643,0.5130020832000001
407,0.397342197,0.341651902,0.458655514,0.412746541,0.387027114,0.39948465359999996
408,0.397342197,0.341651902,0.458655514,0.412746541,0.387027114,0.39948465359999996
409,0.575568493,0.336063385,0.7092080159999999,0.362235822,0.41989953,0.4805950492
410,0.643513895,0.348254205,0.69088497,0.422157762,0.430113253,0.506984817
411,0.7596924759999999,0.249786031,0.727491065,0.504115965,0.597996569,0.5678164212000001
412,0.299432863,0.302788619,0.673339887,0.548082689,0.48529168,0.46178714760000006
413,0.397342197,0.341651902,0.458655514,0.412746541,0.387027114,0.39948465359999996
414,0.56133286,0.454141933,0.597419311,0.655943176,0.393718926,0.5325112412
415,0.6655273279999999,0.4355539089999999,0.779622026,0.5446575539999999,0.589563763,0.6029849159999999
416,0.397342197,0.341651902,0.458655514,0.412746541,0.387027114,0.39948465359999996
417,0.423787455,0.3609612789999999,0.778813945,0.555691643,0.479096587,0.5196701817999999
418,0.552124076,0.331712628,0.670480439,0.481190929,0.697414152,0.5465844447999999
419,0.486808439,0.301942148,0.686249604,0.555235185,0.759245305,0.5578961361999999
420,0.668645766,0.35258528,0.755971545,0.539407337,0.640965005,0.5915149866
421,0.495234676,0.339785822,0.719094892,0.458212006,0.554526093,0.5133706977999999
422,0.397342197,0.341651902,0.458655514,0.412746541,0.387027114,0.39948465359999996
423,0.573656492,0.340755187,0.7650634940000001,0.459520467,0.5723925120000001,0.5422776304
424,0.465830643,0.410063232,0.71936186,0.595719221,0.6345652279999999,0.5651080368
425,0.397342197,0.341651902,0.458655514,0.412746541,0.387027114,0.39948465359999996
426,0.397342197,0.341651902,0.458655514,0.412746541,0.387027114,0.39948465359999996
427,0.397342197,0.341651902,0.458655514,0.412746541,0.387027114,0.39948465359999996
428,0.397342197,0.341651902,0.458655514,0.412746541,0.387027114,0.39948465359999996
429,0.516683759,0.454973267,0.8167962059999999,0.495530824,0.5312398970000001,0.5630447905999999
430,0.397342197,0.341651902,0.458655514,0.412746541,0.387027114,0.39948465359999996
431,0.668645766,0.35258528,0.755971545,0.539407337,0.640965005,0.5915149866
432,0.51180027,0.391953358,0.536715277,0.660142013,0.8369750429999999,0.5875171922
433,0.446498889,0.330251099,0.626939869,0.43428645,0.338952277,0.43538571680000004
434,0.397342197,0.341651902,0.458655514,0.412746541,0.387027114,0.39948465359999996
435,0.397342197,0.341651902,0.458655514,0.412746541,0.387027114,0.39948465359999996
436,0.397342197,0.341651902,0.458655514,0.412746541,0.387027114,0.39948465359999996
437,0.3869185,0.296071455,0.7174671420000001,0.6567188039999999,0.665736731,0.5445825263999999
438,0.739761316,0.322965711,0.7725784590000001,0.444971183,0.563744055,0.5688041448
439,0.397342197,0.341651902,0.458655514,0.412746541,0.387027114,0.39948465359999996
440,0.397342197,0.341651902,0.458655514,0.412746541,0.387027114,0.39948465359999996
441,0.592773356,0.376155095,0.732222637,0.526034378,0.413053203,0.5280477338
442,0.668645766,0.35258528,0.755971545,0.539407337,0.640965005,0.5915149866
443,0.397342197,0.341651902,0.458655514,0.412746541,0.387027114,0.39948465359999996
444,0.397342197,0.341651902,0.458655514,0.412746541,0.387027114,0.39948465359999996
445,0.397342197,0.341651902,0.458655514,0.412746541,0.387027114,0.39948465359999996
446,0.397342197,0.341651902,0.458655514,0.412746541,0.387027114,0.39948465359999996
447,0.35477264,0.264818853,0.563329282,0.5844174010000001,0.550734953,0.4636146258
448,0.397342197,0.341651902,0.458655514,0.412746541,0.387027114,0.39948465359999996
449,0.356754967,0.331315711,0.585769454,0.367564992,0.415385324,0.41135808960000003
450,0.397342197,0.341651902,0.458655514,0.412746541,0.387027114,0.39948465359999996
451,0.447377478,0.21735772,0.587055611,0.687986093,0.638052451,0.5155658706
452,0.436908912,0.4176775179999999,0.7232441140000001,0.532559499,0.4088592689999999,0.5038498623999998
453,0.397342197,0.341651902,0.458655514,0.412746541,0.387027114,0.39948465359999996
454,0.476113526,0.301126502,0.708045385,0.467424844,0.621552242,0.5148524998
455,0.606880168,0.540707246,0.597177796,0.457941182,0.517908757,0.5441230298
456,0.632940881,0.415369491,0.727846216,0.398111496,0.511272528,0.5371081224
457,0.6857527390000001,0.383044877,0.68792935,0.443711745,0.355139544,0.511115651
458,0.384335485,0.423044848,0.6957396509999999,0.464613128,0.359200146,0.4653866516
459,0.467085012,0.3526465179999999,0.682819805,0.403364482,0.686506009,0.5184843652
460,0.397342197,0.341651902,0.458655514,0.412746541,0.387027114,0.39948465359999996
461,0.603021163,0.4040598489999999,0.731575425,0.513470067,0.656592385,0.5817437778000001
462,0.1765616139999999,0.359604836,0.625290165,0.567216852,0.30230043,0.4061947794
463,0.397342197,0.341651902,0.458655514,0.412746541,0.387027114,0.39948465359999996
464,0.362979021,0.324292878,0.475080022,0.309364273,0.492295466,0.392802332
465,0.397342197,0.341651902,0.458655514,0.412746541,0.387027114,0.39948465359999996
466,0.397342197,0.341651902,0.458655514,0.412746541,0.387027114,0.39948465359999996
467,0.397342197,0.341651902,0.458655514,0.412746541,0.387027114,0.39948465359999996
468,0.364126774,0.327665428,0.538395087,0.507774889,0.629790473,0.4735505302
469,0.397342197,0.341651902,0.458655514,0.412746541,0.387027114,0.39948465359999996
470,0.281154388,0.335886664,0.7213593970000001,0.435375997,0.386427888,0.4320408668
471,0.474729881,0.263188333,0.645385523,0.610212441,0.637432341,0.5261897038
472,0.397342197,0.341651902,0.458655514,0.412746541,0.387027114,0.39948465359999996
473,0.397342197,0.341651902,0.458655514,0.412746541,0.387027114,0.39948465359999996
474,0.312350827,0.3384193379999999,0.5228263329999999,0.475472919,0.313986326,0.39261114859999996
475,0.528423219,0.285159888,0.73352354,0.6168888060000001,0.552554306,0.5433099518000001
476,0.397342197,0.341651902,0.458655514,0.412746541,0.387027114,0.39948465359999996
477,0.397342197,0.341651902,0.458655514,0.412746541,0.387027114,0.39948465359999996
478,0.20259074,0.359291376,0.627903277,0.271223759,0.36075607,0.36435304440000005
479,0.524302457,0.332287142,0.655791615,0.373619449,0.62226904,0.5016539406
480,0.570600138,0.484768791,0.7278874470000001,0.421454661,0.531762202,0.5472946478
481,0.668645766,0.35258528,0.755971545,0.539407337,0.640965005,0.5915149866
482,0.397342197,0.341651902,0.458655514,0.412746541,0.387027114,0.39948465359999996
483,0.369754244,0.312368755,0.679533756,0.743949047,0.485467847,0.5182147298
484,0.397342197,0.341651902,0.458655514,0.412746541,0.387027114,0.39948465359999996
485,0.397342197,0.341651902,0.458655514,0.412746541,0.387027114,0.39948465359999996
486,0.683651285,0.384039223,0.7725666940000001,0.588940491,0.519522182,0.589743975
487,0.397342197,0.341651902,0.458655514,0.412746541,0.387027114,0.39948465359999996
488,0.528420849,0.254116343,0.7262026570000001,0.603699824,0.629683757,0.5484246859999999
489,0.2168428389999999,0.283503744,0.408093699,0.529252918,0.587591423,0.40505692460000003
490,0.668645766,0.35258528,0.755971545,0.539407337,0.640965005,0.5915149866
491,0.615045344,0.359309772,0.605288057,0.495623585,0.402473167,0.4955479850000001
492,0.725854518,0.332106266,0.671202692,0.38553844,0.57792797,0.5385259772
493,0.620901771,0.35510334,0.652657215,0.5304072989999999,0.7187817409999999,0.5755702732
494,0.397342197,0.341651902,0.458655514,0.412746541,0.387027114,0.39948465359999996
495,0.6398248910000001,0.391511961,0.728957602,0.439115757,0.430075868,0.5258972158
496,0.397342197,0.341651902,0.458655514,0.412746541,0.387027114,0.39948465359999996
497,0.397342197,0.341651902,0.458655514,0.412746541,0.387027114,0.39948465359999996
498,0.397342197,0.341651902,0.458655514,0.412746541,0.387027114,0.39948465359999996
499,0.8326640540000001,0.352021084,0.701269798,0.492711388,0.477213306,0.571175926
500,0.397342197,0.341651902,0.458655514,0.412746541,0.387027114,0.39948465359999996
501,0.397342197,0.341651902,0.458655514,0.412746541,0.387027114,0.39948465359999996
502,0.565071478,0.3361925129999999,0.5356102739999999,0.365827055,0.483166871,0.4571736382
503,0.397342197,0.341651902,0.458655514,0.412746541,0.387027114,0.39948465359999996
504,0.7134536770000001,0.330757022,0.458253229,0.378704902,0.392756362,0.4547850384
505,0.621732698,0.339082966,0.7370129190000001,0.563319375,0.76463123,0.6051558376
506,0.397342197,0.341651902,0.458655514,0.412746541,0.387027114,0.39948465359999996
507,0.402999521,0.421609025,0.6943148840000001,0.286950633,0.445026459,0.45018010440000006
508,0.668645766,0.35258528,0.755971545,0.539407337,0.640965005,0.5915149866
509,0.571585949,0.153680403,0.6936540440000001,0.576005078,0.732101274,0.5454053496
510,0.62621655,0.354028906,0.709656829,0.569194214,0.7058640820000001,0.5929921162
511,0.499522045,0.33471583,0.676318146,0.54986866,0.544280539,0.520941044
512,0.289541271,0.3206937589999999,0.5744597379999999,0.446670851,0.3684149479999999,0.3999561133999999
513,0.735072849,0.397313043,0.602113025,0.652654136,0.664459185,0.6103224476
514,0.596625871,0.366009522,0.66863961,0.4319488589999999,0.49705781,0.5120563344
515,0.397342197,0.341651902,0.458655514,0.412746541,0.387027114,0.39948465359999996
516,0.272736227,0.296472745,0.656439842,0.673384577,0.47784797,0.47537627219999995
517,0.4837963729999999,0.359714965,0.702098601,0.554660568,0.6658192079999999,0.5532179429999999
518,0.443441859,0.441447373,0.746071556,0.312651577,0.458944446,0.48051136219999996
519,0.397342197,0.341651902,0.458655514,0.412746541,0.387027114,0.39948465359999996
520,0.268351312,0.330047269,0.488170912,0.26986065,0.606205483,0.3925271252
521,0.397342197,0.341651902,0.458655514,0.412746541,0.387027114,0.39948465359999996
522,0.526564845,0.4618781629999999,0.716976251,0.6757207479999999,0.7568737190000001,0.6276027452
523,0.437244264,0.294349409,0.656196341,0.372748718,0.317319555,0.4155716574
524,0.397342197,0.341651902,0.458655514,0.412746541,0.387027114,0.39948465359999996
525,0.5224907,0.518292041,0.7955060009999999,0.445623634,0.5336050999999999,0.5631034952
526,0.397342197,0.341651902,0.458655514,0.412746541,0.387027114,0.39948465359999996
527,0.350383947,0.48001487,0.7522937129999999,0.538564901,0.634173068,0.5510860998
528,0.321643668,0.302811567,0.733856747,0.6579331860000001,0.452426909,0.49373441540000007
529,0.531541896,0.399794999,0.637116352,0.4632511239999999,0.757221398,0.5577851538
530,0.668645766,0.35258528,0.755971545,0.539407337,0.640965005,0.5915149866
531,0.397342197,0.341651902,0.458655514,0.412746541,0.387027114,0.39948465359999996
532,0.535731559,0.4894973079999999,0.668054585,0.518991459,0.503542725,0.5431635272
533,0.668645766,0.35258528,0.755971545,0.539407337,0.640965005,0.5915149866
534,0.577913906,0.358698862,0.646591903,0.532049143,0.64378327,0.5518074168
535,0.454968702,0.372952232,0.7403327909999999,0.492524326,0.460701057,0.5042958216
536,0.597092643,0.353592316,0.695290828,0.5813137620000001,0.57855434,0.5611687778000001
537,0.377555669,0.400746102,0.7097829379999999,0.580841665,0.3676610279999999,0.48731748039999995
538,0.668645766,0.35258528,0.755971545,0.539407337,0.640965005,0.5915149866
539,0.390280425,0.315033537,0.693687183,0.571138905,0.552868149,0.5046016398
540,0.397342197,0.341651902,0.458655514,0.412746541,0.387027114,0.39948465359999996
541,0.513183742,0.339612064,0.71928018,0.580244101,0.613920583,0.5532481340000001
542,0.353487544,0.258873333,0.682296635,0.6173726070000001,0.760914413,0.5345889064
543,0.4838347129999999,0.390367156,0.7508638959999999,0.409571371,0.576985434,0.522324514
544,0.397342197,0.341651902,0.458655514,0.412746541,0.387027114,0.39948465359999996
545,0.517020539,0.390218399,0.730471478,0.429902986,0.545739603,0.522670601
546,0.435058456,0.41171311,0.728825478,0.502293605,0.569153991,0.5294089279999998
547,0.397342197,0.341651902,0.458655514,0.412746541,0.387027114,0.39948465359999996
548,0.599908919,0.466442192,0.781768659,0.46019166,0.758079265,0.6132781389999999
549,0.668645766,0.35258528,0.755971545,0.539407337,0.640965005,0.5915149866
550,0.668645766,0.35258528,0.755971545,0.539407337,0.640965005,0.5915149866
551,0.479162054,0.358549293,0.74214709,0.554434558,0.6135826839999999,0.5495751358
552,0.397342197,0.341651902,0.458655514,0.412746541,0.387027114,0.39948465359999996
553,0.397342197,0.341651902,0.458655514,0.412746541,0.387027114,0.39948465359999996
554,0.625843307,0.373432604,0.738275778,0.439749041,0.52240753,0.5399416519999999
555,0.397342197,0.341651902,0.458655514,0.412746541,0.387027114,0.39948465359999996
556,0.31788137,0.349071607,0.598798215,0.709879982,0.7622869090000001,0.5475836166000001
557,0.397342197,0.341651902,0.458655514,0.412746541,0.387027114,0.39948465359999996
558,0.5313901,0.334101061,0.671467995,0.419059271,0.5304198720000001,0.4972876598
559,0.668645766,0.35258528,0.755971545,0.539407337,0.640965005,0.5915149866
560,0.653770023,0.3042351339999999,0.803128594,0.403737739,0.503655434,0.5337053848
561,0.4668760839999999,0.2517333969999999,0.630558258,0.6583168229999999,0.516959693,0.5048888509999999
562,0.668645766,0.35258528,0.755971545,0.539407337,0.640965005,0.5915149866
563,0.632214474,0.334324675,0.713095499,0.547001394,0.650008476,0.5753289036
564,0.561855863,0.38346594,0.5514391470000001,0.57805983,0.454130322,0.5057902204
565,0.397342197,0.341651902,0.458655514,0.412746541,0.387027114,0.39948465359999996
566,0.557060059,0.259727294,0.7610514890000001,0.604375087,0.568834197,0.5502096252000002
567,0.500323885,0.4016254,0.621194424,0.639009931,0.7022055190000001,0.5728718318
568,0.397342197,0.341651902,0.458655514,0.412746541,0.387027114,0.39948465359999996
569,0.531868727,0.293585301,0.758141465,0.5886386339999999,0.468398602,0.5281265458
570,0.140462716,0.340257297,0.5228467000000001,0.306380131,0.423610928,0.3467115544
571,0.397342197,0.341651902,0.458655514,0.412746541,0.387027114,0.39948465359999996
572,0.398185931,0.286706663,0.634606769,0.671741745,0.665349359,0.5313180933999999
573,0.475949877,0.312504044,0.586555292,0.457188895,0.405533937,0.447546409
574,0.58688089,0.3683155829999999,0.544266346,0.448253991,0.403320297,0.47020742139999994
575,0.629538953,0.312110496,0.696843595,0.367620812,0.521381316,0.5054990344
576,0.298786598,0.36133954,0.609857026,0.697571525,0.7454973490000001,0.5426104076
577,0.270459585,0.353905157,0.498650095,0.4425011339999999,0.293434298,0.37179005379999996
578,0.544039426,0.3313146369999999,0.794079456,0.453925553,0.5239384979999999,0.529459514
579,0.591867989,0.31140257,0.7018072809999999,0.653131772,0.658215277,0.5832849778
580,0.472843124,0.271627645,0.7543313559999999,0.578546121,0.71881928,0.5592335051999999
581,0.668645766,0.35258528,0.755971545,0.539407337,0.640965005,0.5915149866
582,0.517635824,0.433130587,0.707834043,0.437811561,0.560201897,0.5313227824
583,0.397342197,0.341651902,0.458655514,0.412746541,0.387027114,0.39948465359999996
584,0.397342197,0.341651902,0.458655514,0.412746541,0.387027114,0.39948465359999996
585,0.3544672929999999,0.406028699,0.70825179,0.554102575,0.632431011,0.5310562736
586,0.556672368,0.330868001,0.6010160379999999,0.421603397,0.3904856129999999,0.4601290833999999
587,0.397342197,0.341651902,0.458655514,0.412746541,0.387027114,0.39948465359999996
588,0.501689993,0.330372653,0.727798328,0.540525178,0.678326836,0.5557425976
589,0.397342197,0.341651902,0.458655514,0.412746541,0.387027114,0.39948465359999996
590,0.397342197,0.341651902,0.458655514,0.412746541,0.387027114,0.39948465359999996
591,0.397342197,0.341651902,0.458655514,0.412746541,0.387027114,0.39948465359999996
592,0.269118803,0.345900899,0.462093801,0.667938546,0.501182142,0.4492468382
593,0.397342197,0.341651902,0.458655514,0.412746541,0.387027114,0.39948465359999996
594,0.504179522,0.334259925,0.62251883,0.5425719689999999,0.574928807,0.5156918106
595,0.326158303,0.256619822,0.393046072,0.285382925,0.405169347,0.3332752938
596,0.397342197,0.341651902,0.458655514,0.412746541,0.387027114,0.39948465359999996
597,0.636818297,0.35404023,0.690966445,0.4493480829999999,0.611424579,0.5485195268
598,0.5617959610000001,0.3777154129999999,0.707547881,0.462481129,0.41718684,0.5053454447999999
599,0.64457704,0.3822197779999999,0.4567701389999999,0.644983381,0.3849366079999999,0.5026973892
600,0.52289728,0.363555225,0.6276253470000001,0.569612763,0.58371654,0.533481431
601,0.626570169,0.450378929,0.7009372009999999,0.5366098970000001,0.633776254,0.58965449
602,0.305290345,0.326000811,0.46639429,0.491329439,0.4515632129999999,0.40811561960000003
603,0.518926223,0.2185476489999999,0.6588742479999999,0.536742386,0.4541430589999999,0.47744671299999997
604,0.31792318,0.366131451,0.674941993,0.5908867720000001,0.619488291,0.5138743374000001
605,0.67240171,0.355788635,0.713887061,0.631698675,0.6957090359999999,0.6138970234
606,0.397342197,0.341651902,0.458655514,0.412746541,0.387027114,0.39948465359999996
607,0.681701166,0.31382844,0.70417035,0.538162454,0.496033687,0.5467792194000001
608,0.397342197,0.341651902,0.458655514,0.412746541,0.387027114,0.39948465359999996
609,0.629170539,0.418824535,0.71717393,0.44630384,0.444609846,0.531216538
610,0.569362586,0.32291199,0.83867638,0.568185595,0.58426231,0.5766797722
611,0.540698105,0.4157095729999999,0.7146772379999999,0.568766118,0.7875984509999999,0.605489897
612,0.481409208,0.356647098,0.683268608,0.517002333,0.456513876,0.4989682245999999
613,0.615096372,0.422367456,0.64316986,0.449680543,0.470144781,0.5200918024
614,0.216956795,0.322133985,0.605042093,0.462005022,0.408297737,0.4028871264
615,0.514450246,0.324660799,0.6942371159999999,0.540852869,0.746736353,0.5641874765999999
616,0.668645766,0.35258528,0.755971545,0.539407337,0.640965005,0.5915149866
617,0.7117407109999999,0.295177227,0.660496041,0.669552618,0.389224487,0.5452382168
618,0.668645766,0.35258528,0.755971545,0.539407337,0.640965005,0.5915149866
619,0.397342197,0.341651902,0.458655514,0.412746541,0.387027114,0.39948465359999996
620,0.397342197,0.341651902,0.458655514,0.412746541,0.387027114,0.39948465359999996
621,0.6749708940000001,0.356588068,0.640062025,0.466364236,0.60081821,0.5477606866
622,0.675982929,0.416106137,0.5725071270000001,0.506258283,0.315859905,0.49734287619999995
623,0.439783174,0.42704308,0.6935562270000001,0.3441983289999999,0.415828986,0.46408195919999995
624,0.426333401,0.3350451889999999,0.76968402,0.428879588,0.549959857,0.501980411
625,0.431365789,0.270407107,0.723946302,0.656493907,0.755397283,0.5675220776
626,0.271177723,0.399810707,0.423934176,0.402793145,0.416403931,0.3828239364
627,0.668645766,0.35258528,0.755971545,0.539407337,0.640965005,0.5915149866
628,0.397342197,0.341651902,0.458655514,0.412746541,0.387027114,0.39948465359999996
629,0.332202906,0.35158463,0.603314361,0.4018157,0.461683507,0.4301202208
630,0.668645766,0.35258528,0.755971545,0.539407337,0.640965005,0.5915149866
