,Role_Activist,Personal_Values_Facet_Cont_UniversalismNature,Mean
0,0.514416776,0.523116282,0.5187665290000001
1,0.286003451,0.444493092,0.3652482715
2,0.401512445,0.581656802,0.4915846235
3,0.290018842,0.385821905,0.33792037350000004
4,0.319439033,0.582025289,0.45073216099999996
5,0.428947626,0.420429512,0.424688569
6,0.454108278,0.529036762,0.49157252
7,0.244498153,0.457321274,0.3509097135
8,0.222697513,0.42390461,0.32330106150000004
9,0.439391983,0.594737106,0.5170645445
10,0.58281265,0.383081165,0.4829469075
11,0.385637999,0.503529756,0.44458387750000006
12,0.288316264,0.39643131,0.342373787
13,0.613225146,0.520933312,0.567079229
14,0.335908412,0.410725506,0.373316959
15,0.4018086279999999,0.392987605,0.39739811649999995
16,0.542659377,0.407487352,0.47507336450000004
17,0.356202644,0.4595802989999999,0.40789147149999994
18,0.343339689,0.407097622,0.3752186555
19,0.522909072,0.53783603,0.530372551
20,0.4851262779999999,0.52398376,0.504555019
21,0.313086274,0.45248381,0.38278504199999996
22,0.342099891,0.4900495139999999,0.41607470249999995
23,0.329193941,0.5691664879999999,0.44918021449999995
24,0.298642209,0.418588397,0.358615303
25,0.255756714,0.3615676889999999,0.30866220149999996
26,0.307309331,0.589681431,0.448495381
27,0.570714741,0.556217097,0.563465919
28,0.421052745,0.3453478339999999,0.38320028949999996
29,0.57515547,0.3986975929999999,0.4869265315
30,0.449998587,0.466661665,0.458330126
31,0.276631883,0.437140794,0.3568863385
32,0.401110241,0.406225601,0.403667921
33,0.439391983,0.594737106,0.5170645445
34,0.39394705,0.419875834,0.406911442
35,0.502934679,0.45733224,0.48013345949999997
36,0.327388937,0.4913109999999999,0.40934996849999994
37,0.486506127,0.4174109589999999,0.45195854299999993
38,0.267331937,0.384832842,0.3260823895
39,0.306061765,0.596392751,0.45122725799999996
40,0.182429483,0.4162050779999999,0.29931728049999995
41,0.53974198,0.5094958629999999,0.5246189214999999
42,0.365707417,0.40845846,0.3870829385
43,0.47760049,0.4315670679999999,0.4545837789999999
44,0.494793799,0.453501031,0.474147415
45,0.5266950420000001,0.506062676,0.516378859
46,0.379830157,0.520918048,0.4503741025
47,0.284646914,0.612709805,0.4486783595
48,0.469252606,0.4383361229999999,0.4537943645
49,0.187011884,0.3590599929999999,0.27303593849999996
50,0.554673897,0.659173495,0.606923696
51,0.353355431,0.417071374,0.3852134025
52,0.45431232,0.533891829,0.4941020745
53,0.535972992,0.4204650829999999,0.47821903749999994
54,0.482964917,0.52345661,0.5032107635
55,0.229498838,0.605946188,0.417722513
56,0.435268137,0.467152859,0.451210498
57,0.597897466,0.483647492,0.540772479
58,0.369253491,0.466303399,0.417778445
59,0.476888751,0.516083953,0.496486352
60,0.446297612,0.486340714,0.466319163
61,0.554850785,0.461723076,0.5082869305
62,0.583703248,0.4116353729999999,0.49766931049999996
63,0.485205645,0.50254501,0.49387532749999996
64,0.29716118,0.45912502,0.3781431
65,0.307342618,0.475148184,0.391245401
66,0.5331010860000001,0.4602137289999999,0.4966574075
67,0.532929367,0.425242859,0.47908611300000004
68,0.506032571,0.409843269,0.45793792
69,0.388193852,0.4586785879999999,0.4234362199999999
70,0.379174751,0.4012100839999999,0.39019241749999994
71,0.210989757,0.488084577,0.34953716700000004
72,0.400616227,0.4504789489999999,0.4255475879999999
73,0.145056875,0.417116421,0.281086648
74,0.145056875,0.417116421,0.281086648
75,0.42085317,0.484105522,0.452479346
76,0.360351042,0.469620335,0.4149856885
77,0.7052621840000001,0.548715124,0.626988654
78,0.602723913,0.44399539,0.5233596515
79,0.449607104,0.494573322,0.472090213
80,0.28650963,0.43874524,0.362627435
81,0.528359143,0.437583766,0.4829714545
82,0.448707487,0.43184893,0.4402782085
83,0.518660178,0.5064326370000001,0.5125464075
84,0.470311641,0.364823158,0.4175673995
85,0.423219686,0.406225601,0.4147226435
86,0.571355894,0.452895793,0.5121258435
87,0.395142905,0.409843269,0.40249308699999997
88,0.406593811,0.487023835,0.446808823
89,0.44930035,0.384112159,0.4167062545
90,0.369656683,0.408855901,0.389256292
91,0.413779109,0.41167182,0.4127254645
92,0.507890662,0.470303013,0.4890968375
93,0.247915948,0.415198891,0.3315574195
94,0.641898802,0.465398017,0.5536484095
95,0.532558425,0.425090946,0.4788246855
96,0.239762213,0.4158176879999999,0.3277899504999999
97,0.384266558,0.449345007,0.4168057825
98,0.4432884279999999,0.4487282979999999,0.4460083629999999
99,0.338413822,0.503473927,0.42094387450000004
100,0.6066081720000001,0.437606055,0.5221071135
101,0.49975583,0.5018738110000001,0.5008148205
102,0.4996719839999999,0.671014524,0.5853432539999999
103,0.4747439189999999,0.536667771,0.5057058449999999
104,0.424128682,0.4348402839999999,0.429484483
105,0.413635524,0.429169077,0.4214023005
106,0.217495589,0.537762561,0.377629075
107,0.3782670589999999,0.439867327,0.40906719299999994
108,0.577246826,0.469220718,0.523233772
109,0.551533246,0.463447192,0.507490219
110,0.410311824,0.44836111,0.429336467
111,0.432450964,0.528834531,0.4806427475
112,0.410842116,0.480097305,0.44546971049999995
113,0.43266348,0.416990585,0.4248270325
114,0.3716191929999999,0.373043406,0.3723312995
115,0.4476601629999999,0.436789695,0.44222492899999993
116,0.337917581,0.390365498,0.3641415395
117,0.597486532,0.573454508,0.58547052
118,0.438626072,0.543583603,0.4911048375
119,0.470473721,0.412274692,0.44137420650000003
120,0.447309929,0.53290554,0.4901077345
121,0.423622159,0.4812249779999999,0.4524235685
122,0.2647503989999999,0.515283528,0.3900169634999999
123,0.3629587999999999,0.416980657,0.38996972849999995
124,0.470277296,0.463712798,0.466995047
125,0.499719119,0.452984891,0.47635200499999997
126,0.479269724,0.450886641,0.4650781825
127,0.347528521,0.410395111,0.378961816
128,0.2196455939999999,0.459237658,0.33944162599999994
129,0.450574691,0.496307042,0.4734408665
130,0.580514524,0.501026878,0.540770701
131,0.73673117,0.470507354,0.603619262
132,0.461196664,0.429688589,0.4454426265
133,0.299727796,0.410884614,0.355306205
134,0.391874933,0.500908492,0.4463917125
135,0.463314897,0.477791817,0.470553357
136,0.4101870929999999,0.5624250670000001,0.48630608
137,0.561017435,0.45572432,0.5083708775
138,0.466914549,0.49301115,0.4799628495
139,0.275014006,0.481103772,0.37805888899999995
140,0.445598446,0.533993264,0.489795855
141,0.463211495,0.491702245,0.47745687
142,0.524088807,0.410357817,0.467223312
143,0.342325504,0.443023497,0.39267450049999997
144,0.347490864,0.571997101,0.45974398250000004
145,0.4881059889999999,0.463391295,0.47574864199999994
146,0.433539765,0.472204066,0.4528719155
147,0.444651869,0.497264673,0.470958271
148,0.548399395,0.547682648,0.5480410215
149,0.45322073,0.42891574,0.44106823500000003
150,0.567169487,0.444044017,0.505606752
151,0.408985893,0.445278524,0.4271322085
152,0.533058094,0.410357817,0.4717079555
153,0.446467846,0.445554136,0.44601099099999997
154,0.439391983,0.594737106,0.5170645445
155,0.253606036,0.475706863,0.3646564495
156,0.3887754229999999,0.441978909,0.41537716599999996
157,0.430908216,0.557837013,0.49437261450000003
158,0.502082893,0.465371332,0.4837271125
159,0.453273421,0.442519269,0.447896345
160,0.296903208,0.447585974,0.37224459099999996
161,0.27541034,0.429426288,0.352418314
162,0.30531399,0.425874188,0.365594089
163,0.662215396,0.51929164,0.5907535180000001
164,0.511109522,0.47236599,0.491737756
165,0.3723866429999999,0.535763228,0.45407493549999994
166,0.628576376,0.526571934,0.577574155
167,0.5250251420000001,0.43989244,0.482458791
168,0.516713474,0.575329303,0.5460213885
169,0.379990799,0.437606055,0.408798427
170,0.455654679,0.555519534,0.5055871064999999
171,0.509274178,0.477089208,0.493181693
172,0.34267501,0.390702575,0.36668879249999997
173,0.423834289,0.462752207,0.44329324800000003
174,0.39464133,0.394112752,0.39437704100000004
175,0.584947278,0.368336362,0.47664182
176,0.531861094,0.491509524,0.511685309
177,0.672086159,0.445638674,0.5588624165
178,0.370510557,0.4689001,0.4197053285
179,0.6394350639999999,0.444458299,0.5419466815
180,0.259625475,0.434725015,0.34717524499999997
181,0.262516231,0.338127112,0.3003216715
182,0.4188930629999999,0.40033733,0.40961519649999995
183,0.531348363,0.403015028,0.4671816955
184,0.4545313,0.431401937,0.4429666185
185,0.444041864,0.53878834,0.491415102
186,0.377160344,0.5212968889999999,0.44922861649999996
187,0.388824354,0.427502747,0.40816355049999997
188,0.331588155,0.6258122279999999,0.4787001915
189,0.278553346,0.614355466,0.44645440599999997
190,0.366230723,0.4304127279999999,0.39832172549999995
191,0.299111853,0.482304795,0.390708324
192,0.4463464339999999,0.467508601,0.45692751749999994
193,0.412902327,0.464961319,0.438931823
194,0.523036281,0.477739364,0.5003878225
195,0.6675505429999999,0.589267695,0.628409119
196,0.3754982429999999,0.476891144,0.42619469349999994
197,0.383371416,0.4600238479999999,0.421697632
198,0.3357336589999999,0.584492463,0.46011306099999993
199,0.27547721,0.567986675,0.4217319425
200,0.423707424,0.386071341,0.4048893825
201,0.5419233370000001,0.5153441120000001,0.5286337245000001
202,0.62030935,0.542854697,0.5815820235
203,0.353786181,0.476972878,0.4153795295
204,0.801794152,0.442820107,0.6223071295
205,0.439391983,0.594737106,0.5170645445
206,0.448580039,0.567537787,0.508058913
207,0.249880415,0.462810803,0.356345609
208,0.509069175,0.49319174,0.5011304575
209,0.522893311,0.45173158,0.4873124455
210,0.265029716,0.457474385,0.3612520505
211,0.628204785,0.503312671,0.565758728
212,0.49674008,0.39453767,0.445638875
213,0.028722132,0.5306884470000001,0.2797052895
214,0.216740313,0.57936886,0.3980545865
215,0.578093945,0.533220441,0.555657193
216,0.639984581,0.456282334,0.5481334575
217,0.144911574,0.57259343,0.358752502
218,0.405239869,0.45455562,0.42989774449999996
219,0.460719452,0.494941649,0.4778305505
220,0.516954001,0.45708245,0.48701822549999996
221,0.4886351929999999,0.442265068,0.46545013049999995
222,0.332363508,0.490058906,0.411211207
223,0.439391983,0.594737106,0.5170645445
224,0.663039382,0.445959668,0.554499525
225,0.421893048,0.427492018,0.424692533
226,0.427107297,0.500180984,0.4636441405
227,0.455069581,0.520574706,0.48782214349999997
228,0.531425346,0.494423967,0.5129246565000001
229,0.5125712139999999,0.467101208,0.48983621099999997
230,0.345261111,0.44612069,0.3956909005
231,0.302555167,0.4518435779999999,0.37719937249999996
232,0.613846919,0.539941329,0.5768941240000001
233,0.404081826,0.392538561,0.39831019349999996
234,0.439391983,0.594737106,0.5170645445
235,0.0951986069999999,0.404320599,0.24975960299999994
236,0.439391983,0.594737106,0.5170645445
237,0.439391983,0.594737106,0.5170645445
238,0.510805195,0.4548648389999999,0.482835017
239,0.195130126,0.495646669,0.3453883975
240,0.313707617,0.556992887,0.435350252
241,0.248126876,0.611602833,0.4298648545
242,0.307700566,0.521017177,0.41435887150000006
243,0.460814795,0.439741754,0.4502782745
244,0.412078757,0.503383922,0.4577313395
245,0.503426476,0.483722205,0.49357434050000004
246,0.695576106,0.4474894239999999,0.5715327649999999
247,0.439391983,0.594737106,0.5170645445
248,0.439391983,0.594737106,0.5170645445
249,0.17188395,0.356252246,0.264068098
250,0.568481945,0.464918502,0.5167002235
251,0.337018285,0.492365254,0.4146917695
252,0.504661689,0.5937811820000001,0.5492214355
253,0.346519539,0.65964036,0.5030799495
254,0.240869434,0.505295886,0.37308266
255,0.245389416,0.5097482760000001,0.377568846
256,0.439391983,0.594737106,0.5170645445
257,0.290250363,0.468799616,0.3795249895
258,0.3008901639999999,0.466268058,0.383579111
259,0.370892137,0.481703439,0.426297788
260,0.6100625820000001,0.541347764,0.575705173
261,0.249783696,0.349595006,0.299689351
262,0.5236875910000001,0.583775035,0.5537313130000001
263,0.439391983,0.594737106,0.5170645445
264,0.080178759,0.540263555,0.310221157
265,0.139587701,0.524750501,0.33216910099999997
266,0.398389925,0.60390025,0.5011450875
267,0.417291409,0.429391043,0.423341226
268,0.4767981429999999,0.491745955,0.484272049
269,0.503077339,0.409843269,0.456460304
270,0.282668208,0.4418702929999999,0.3622692504999999
271,0.23309162,0.457534399,0.3453130095
272,0.503077339,0.409843269,0.456460304
273,0.443197749,0.4312684779999999,0.43723311349999994
274,0.450763046,0.402570497,0.4266667715
275,0.526605755,0.497422925,0.51201434
276,0.518975861,0.475745237,0.49736054900000004
277,0.247150492,0.538566442,0.39285846700000004
278,0.484077934,0.4948087579999999,0.48944334599999995
279,0.756810462,0.4809480339999999,0.6188792479999999
280,0.388060802,0.405965752,0.397013277
281,0.544882717,0.433222435,0.489052576
282,0.503077339,0.409843269,0.456460304
283,0.5035749310000001,0.432231095,0.46790301300000003
284,0.48049301,0.50926671,0.49487986
285,0.376349845,0.383301658,0.3798257515
286,0.3652472879999999,0.545771939,0.45550961349999997
287,0.49055069,0.413674661,0.4521126755
288,0.328837641,0.521655095,0.425246368
289,0.549118625,0.470159741,0.509639183
290,0.500968568,0.493939455,0.4974540115
291,0.21475598,0.500228415,0.35749219750000005
292,0.449282898,0.413674661,0.4314787795
293,0.387044616,0.5006740679999999,0.443859342
294,0.439391983,0.594737106,0.5170645445
295,0.503077339,0.409843269,0.456460304
296,0.503077339,0.409843269,0.456460304
297,0.42794475,0.563757658,0.495851204
298,0.338938995,0.518068368,0.4285036815
299,0.363579541,0.453927106,0.40875332350000004
300,0.359524411,0.381887037,0.370705724
301,0.346841999,0.407503104,0.3771725515
302,0.489352396,0.385303083,0.43732773950000003
303,0.321121819,0.398438282,0.35978005049999995
304,0.36790645,0.421764122,0.394835286
305,0.49852742,0.474376426,0.486451923
306,0.3055509489999999,0.461723076,0.38363701249999993
307,0.526199639,0.4894578879999999,0.5078287635
308,0.42438859,0.4841921629999999,0.4542903764999999
309,0.64417022,0.409241522,0.526705871
310,0.393632618,0.529215574,0.461424096
311,0.5586231970000001,0.413674661,0.48614892900000006
312,0.269981458,0.658426159,0.4642038085
313,0.4320156429999999,0.435241318,0.4336284804999999
314,0.340748866,0.395924237,0.3683365515
315,0.562628676,0.52183253,0.5422306029999999
316,0.512100705,0.413308681,0.46270469300000006
317,0.384283687,0.495339965,0.439811826
318,0.3348842999999999,0.39884,0.36686214999999994
319,0.396909855,0.55566908,0.4762894675
320,0.6906340009999999,0.559771064,0.6252025324999999
321,0.3791451529999999,0.46140772,0.42027643649999996
322,0.3128973989999999,0.408353755,0.360625577
323,0.188339466,0.344118727,0.26622909650000004
324,0.30791613,0.495699975,0.4018080525
325,0.554209484,0.4651839929999999,0.5096967385
326,0.33905771,0.4715626639999999,0.405310187
327,0.552932495,0.494181742,0.5235571185
328,0.510432118,0.5755326070000001,0.5429823625000001
329,0.503077339,0.409843269,0.456460304
330,0.463621774,0.519143348,0.491382561
331,0.430701042,0.43452617,0.432613606
332,0.257624485,0.494143691,0.375884088
333,0.594620899,0.576427612,0.5855242555
334,0.286593634,0.442265068,0.36442935099999996
335,0.279368773,0.552546514,0.4159576435
336,0.493752971,0.442797769,0.46827536999999997
337,0.439391983,0.594737106,0.5170645445
338,0.581648838,0.448099643,0.5148742405
339,0.578427731,0.453187335,0.515807533
340,0.386950675,0.5723575710000001,0.47965412300000004
341,0.558337072,0.459865084,0.509101078
342,0.5815526010000001,0.413897723,0.49772516200000005
343,0.439391983,0.594737106,0.5170645445
344,0.3652472879999999,0.545771939,0.45550961349999997
345,0.4015565129999999,0.629940068,0.5157482904999999
346,0.583994772,0.516813259,0.5504040155000001
347,0.6257923470000001,0.456896492,0.5413444195
348,0.366680696,0.447074157,0.40687742650000003
349,0.388460346,0.440740837,0.4146005915
350,0.499473831,0.582416344,0.5409450874999999
351,0.533826064,0.428000575,0.4809133195
352,0.570528705,0.381452305,0.47599050499999995
353,0.6421553000000001,0.33990221,0.49102875500000004
354,0.3652472879999999,0.545771939,0.45550961349999997
355,0.5344750460000001,0.543218575,0.5388468105
356,0.337194757,0.544017181,0.440605969
357,0.5868940539999999,0.447136265,0.5170151595
358,0.301954532,0.596164488,0.44905951
359,0.3512811329999999,0.333361222,0.34232117749999996
360,0.513933369,0.430628871,0.47228112
361,0.403988321,0.4931335129999999,0.44856091699999995
362,0.34129526,0.411091739,0.37619349950000003
363,0.373483224,0.4001407629999999,0.38681199349999995
364,0.2685106969999999,0.540950442,0.40473056949999997
365,0.427245622,0.508591867,0.46791874450000004
366,0.491278967,0.509109015,0.5001939910000001
367,0.409440075,0.497530704,0.4534853895
368,0.654192184,0.4670971339999999,0.5606446589999999
369,0.472026951,0.5122507079999999,0.4921388295
370,0.439391983,0.594737106,0.5170645445
371,0.37837332,0.50491615,0.441644735
372,0.2425326019999999,0.56571078,0.40412169099999995
373,0.423483509,0.468708895,0.446096202
374,0.376185524,0.367811093,0.3719983085
375,0.567475697,0.420071178,0.4937734375
376,0.38322263,0.4391495279999999,0.4111860789999999
377,0.4350832079999999,0.424783017,0.42993311249999994
378,0.491428035,0.487368077,0.48939805599999997
379,0.34289435,0.3706066389999999,0.35675049449999996
380,0.438191111,0.438809991,0.438500551
381,0.383881626,0.546859267,0.4653704465
382,0.439391983,0.594737106,0.5170645445
383,0.5298567479999999,0.5586304529999999,0.5442436005
384,0.59197502,0.499708421,0.5458417205
385,0.430012834,0.429169077,0.42959095550000004
386,0.307522026,0.589904213,0.4487131195
387,0.388066794,0.5679015620000001,0.47798417800000004
388,0.200195236,0.3727888629999999,0.28649204949999996
389,0.2809774419999999,0.446796041,0.36388674149999994
390,0.424011626,0.476295993,0.45015380949999995
391,0.367895058,0.390809712,0.379352385
392,0.420714007,0.442265068,0.43148953749999996
393,0.311594725,0.5112237239999999,0.41140922449999995
394,0.400446482,0.563688108,0.482067295
395,0.439391983,0.594737106,0.5170645445
396,0.262413032,0.361482331,0.31194768149999996
397,0.454946381,0.490520117,0.472733249
398,0.108942311,0.595027671,0.35198499099999997
399,0.4953279439999999,0.464576981,0.47995246249999995
400,0.456914586,0.4678770779999999,0.46239583199999995
401,0.451291693,0.441371306,0.4463314995
402,0.470278785,0.4616465389999999,0.4659626619999999
403,0.314456091,0.38210181,0.3482789505
404,0.512018211,0.444858822,0.4784385165
405,0.455572794,0.544405665,0.4999892295
406,0.279035062,0.507244271,0.3931396665
407,0.439391983,0.594737106,0.5170645445
408,0.439391983,0.594737106,0.5170645445
409,0.451109429,0.402570497,0.42683996300000004
410,0.461855732,0.4862455539999999,0.474050643
411,0.529610726,0.445554136,0.487582431
412,0.17468718,0.4386655539999999,0.30667636699999995
413,0.439391983,0.594737106,0.5170645445
414,0.5056945110000001,0.660694983,0.5831947470000001
415,0.467856972,0.420519797,0.4441883845
416,0.439391983,0.594737106,0.5170645445
417,0.2975571369999999,0.430073036,0.36381508649999994
418,0.350772661,0.446197352,0.39848500649999996
419,0.308673823,0.49094207,0.3998079465
420,0.503077339,0.409843269,0.456460304
421,0.328977354,0.457804716,0.393391035
422,0.439391983,0.594737106,0.5170645445
423,0.524298224,0.3974050529999999,0.4608516385
424,0.344093869,0.479843271,0.41196857
425,0.439391983,0.594737106,0.5170645445
426,0.439391983,0.594737106,0.5170645445
427,0.439391983,0.594737106,0.5170645445
428,0.439391983,0.594737106,0.5170645445
429,0.4263467929999999,0.513348924,0.46984785849999994
430,0.439391983,0.594737106,0.5170645445
431,0.503077339,0.409843269,0.456460304
432,0.310268863,0.409933838,0.36010135050000003
433,0.410600902,0.630506818,0.5205538599999999
434,0.439391983,0.594737106,0.5170645445
435,0.439391983,0.594737106,0.5170645445
436,0.439391983,0.594737106,0.5170645445
437,0.220325324,0.399916777,0.3101210505
438,0.498854633,0.494560134,0.4967073835
439,0.439391983,0.594737106,0.5170645445
440,0.439391983,0.594737106,0.5170645445
441,0.381958199,0.442632725,0.412295462
442,0.503077339,0.409843269,0.456460304
443,0.439391983,0.594737106,0.5170645445
444,0.439391983,0.594737106,0.5170645445
445,0.439391983,0.594737106,0.5170645445
446,0.439391983,0.594737106,0.5170645445
447,0.290052281,0.461295312,0.3756737965
448,0.439391983,0.594737106,0.5170645445
449,0.3936285229999999,0.495242216,0.44443536949999995
450,0.439391983,0.594737106,0.5170645445
451,0.261297668,0.449993198,0.35564543299999996
452,0.362843045,0.529779774,0.4463114095
453,0.439391983,0.594737106,0.5170645445
454,0.4158598429999999,0.4224300929999999,0.4191449679999999
455,0.44664902,0.430539807,0.4385944135
456,0.4019381389999999,0.438803277,0.420370708
457,0.552426296,0.486600921,0.5195136085000001
458,0.442491125,0.474830361,0.458660743
459,0.332496621,0.404328777,0.36841269899999995
460,0.439391983,0.594737106,0.5170645445
461,0.515444574,0.472328821,0.4938866975
462,0.319758225,0.600838167,0.460298196
463,0.439391983,0.594737106,0.5170645445
464,0.27421077,0.504201539,0.38920615449999996
465,0.439391983,0.594737106,0.5170645445
466,0.439391983,0.594737106,0.5170645445
467,0.439391983,0.594737106,0.5170645445
468,0.40828086,0.6245456420000001,0.516413251
469,0.439391983,0.594737106,0.5170645445
470,0.3351174389999999,0.476479897,0.405798668
471,0.299081422,0.459283448,0.379182435
472,0.439391983,0.594737106,0.5170645445
473,0.439391983,0.594737106,0.5170645445
474,0.196810887,0.636902147,0.41685651700000004
475,0.376064647,0.471135461,0.423600054
476,0.439391983,0.594737106,0.5170645445
477,0.439391983,0.594737106,0.5170645445
478,0.232466754,0.5325131129999999,0.38248993349999993
479,0.488851162,0.455639196,0.472245179
480,0.386848009,0.437267833,0.412057921
481,0.503077339,0.409843269,0.456460304
482,0.439391983,0.594737106,0.5170645445
483,0.285426941,0.472819121,0.379123031
484,0.439391983,0.594737106,0.5170645445
485,0.439391983,0.594737106,0.5170645445
486,0.457002807,0.432015799,0.444509303
487,0.439391983,0.594737106,0.5170645445
488,0.3196325999999999,0.43648566,0.3780591299999999
489,0.262172547,0.507288281,0.38473041399999997
490,0.503077339,0.409843269,0.456460304
491,0.632443222,0.473982175,0.5532126985
492,0.515901271,0.410366426,0.46313384850000006
493,0.475457115,0.440189391,0.457823253
494,0.439391983,0.594737106,0.5170645445
495,0.4696596879999999,0.4310340279999999,0.4503468579999999
496,0.439391983,0.594737106,0.5170645445
497,0.439391983,0.594737106,0.5170645445
498,0.439391983,0.594737106,0.5170645445
499,0.508034816,0.450228247,0.4791315315
500,0.439391983,0.594737106,0.5170645445
501,0.439391983,0.594737106,0.5170645445
502,0.6293651920000001,0.4173781789999999,0.5233716855
503,0.439391983,0.594737106,0.5170645445
504,0.431414996,0.490371566,0.460893281
505,0.463537666,0.5126130320000001,0.48807534900000005
506,0.439391983,0.594737106,0.5170645445
507,0.331104819,0.42584094,0.37847287949999997
508,0.503077339,0.409843269,0.456460304
509,0.433044379,0.478014741,0.45552956
510,0.478959305,0.432287727,0.455623516
511,0.3480218579999999,0.356682692,0.352352275
512,0.187100595,0.61684111,0.4019708525
513,0.513630912,0.402904472,0.458267692
514,0.4651323429999999,0.422318172,0.4437252574999999
515,0.439391983,0.594737106,0.5170645445
516,0.17559586,0.438761668,0.307178764
517,0.327206079,0.467212184,0.3972091315
518,0.416803345,0.5428736,0.4798384725
519,0.439391983,0.594737106,0.5170645445
520,0.163914016,0.435153241,0.2995336285
521,0.439391983,0.594737106,0.5170645445
522,0.474822614,0.402167046,0.43849483
523,0.430568572,0.424519845,0.42754420849999997
524,0.439391983,0.594737106,0.5170645445
525,0.349506595,0.374395511,0.36195105299999997
526,0.439391983,0.594737106,0.5170645445
527,0.28692074,0.483688711,0.3853047255
528,0.184010542,0.426788737,0.3053996395
529,0.494347738,0.531315415,0.5128315765
530,0.503077339,0.409843269,0.456460304
531,0.439391983,0.594737106,0.5170645445
532,0.5341138129999999,0.552991025,0.543552419
533,0.503077339,0.409843269,0.456460304
534,0.418149063,0.534698983,0.476424023
535,0.286655444,0.4078968979999999,0.34727617099999997
536,0.396181127,0.488080997,0.442131062
537,0.311608571,0.39983295,0.3557207605
538,0.503077339,0.409843269,0.456460304
539,0.248563717,0.390584897,0.319574307
540,0.439391983,0.594737106,0.5170645445
541,0.367727906,0.471507641,0.41961777349999996
542,0.195595109,0.406863178,0.30122914349999996
543,0.4626992279999999,0.484021361,0.47336029449999995
544,0.439391983,0.594737106,0.5170645445
545,0.422515341,0.500704126,0.4616097335
546,0.370714636,0.443767731,0.4072411835
547,0.439391983,0.594737106,0.5170645445
548,0.397632349,0.432745512,0.4151889305
549,0.503077339,0.409843269,0.456460304
550,0.503077339,0.409843269,0.456460304
551,0.334845491,0.42857302,0.3817092555
552,0.439391983,0.594737106,0.5170645445
553,0.439391983,0.594737106,0.5170645445
554,0.5885620810000001,0.463315505,0.525938793
555,0.439391983,0.594737106,0.5170645445
556,0.20796815,0.429659071,0.3188136105
557,0.439391983,0.594737106,0.5170645445
558,0.443380786,0.474067725,0.4587242555
559,0.503077339,0.409843269,0.456460304
560,0.6758918340000001,0.4243057939999999,0.550098814
561,0.346382794,0.596639449,0.47151112149999996
562,0.503077339,0.409843269,0.456460304
563,0.424597717,0.390195187,0.40739645199999996
564,0.35704775,0.467991459,0.4125196045
565,0.439391983,0.594737106,0.5170645445
566,0.362512997,0.467476614,0.4149948055
567,0.402627634,0.404154911,0.4033912725
568,0.439391983,0.594737106,0.5170645445
569,0.344118222,0.463750831,0.40393452649999995
570,0.34857593,0.626111603,0.4873437665
571,0.439391983,0.594737106,0.5170645445
572,0.234111349,0.3645532589999999,0.29933230399999994
573,0.521590082,0.541742725,0.5316664035
574,0.572796171,0.507118262,0.5399572165
575,0.394953042,0.406482812,0.400717927
576,0.199284447,0.433395676,0.3163400615
577,0.167063022,0.554971101,0.3610170615
578,0.348559962,0.382676907,0.3656184345
579,0.457916227,0.335185853,0.39655103999999997
580,0.302354305,0.392536255,0.34744527999999997
581,0.503077339,0.409843269,0.456460304
582,0.416778706,0.402287421,0.40953306349999996
583,0.439391983,0.594737106,0.5170645445
584,0.439391983,0.594737106,0.5170645445
585,0.2036077389999999,0.453229162,0.32841845049999996
586,0.561746406,0.4777072229999999,0.5197268145
587,0.439391983,0.594737106,0.5170645445
588,0.4358000929999999,0.460139077,0.44796958499999995
589,0.439391983,0.594737106,0.5170645445
590,0.439391983,0.594737106,0.5170645445
591,0.439391983,0.594737106,0.5170645445
592,0.2492652839999999,0.558382642,0.40382396299999995
593,0.439391983,0.594737106,0.5170645445
594,0.312625713,0.473690209,0.393157961
595,0.328813006,0.562715757,0.4457643815
596,0.439391983,0.594737106,0.5170645445
597,0.406742554,0.4074789829999999,0.40711076849999994
598,0.5075359429999999,0.447121967,0.47732895499999994
599,0.447142812,0.509415231,0.4782790215
600,0.315411186,0.489020726,0.40221595600000004
601,0.378794546,0.503990459,0.44139250249999995
602,0.298519278,0.492169315,0.3953442965
603,0.323310195,0.442786981,0.383048588
604,0.3513728679999999,0.434902474,0.39313767099999997
605,0.602408488,0.396522518,0.49946550300000003
606,0.439391983,0.594737106,0.5170645445
607,0.534102388,0.5035754139999999,0.518838901
608,0.439391983,0.594737106,0.5170645445
609,0.398794428,0.422326195,0.4105603115
610,0.386981155,0.439867327,0.41342424099999997
611,0.331405275,0.4458865489999999,0.388645912
612,0.328038954,0.427688753,0.37786385349999996
613,0.40681382,0.450039217,0.4284265185
614,0.244992832,0.516530343,0.3807615875
615,0.322326297,0.431848699,0.37708749799999997
616,0.503077339,0.409843269,0.456460304
617,0.497079454,0.462161871,0.4796206625
618,0.503077339,0.409843269,0.456460304
619,0.439391983,0.594737106,0.5170645445
620,0.439391983,0.594737106,0.5170645445
621,0.463280006,0.420753836,0.442016921
622,0.401284846,0.391085014,0.39618493
623,0.387772571,0.410894129,0.39933335000000003
624,0.398948956,0.456904662,0.427926809
625,0.27317886,0.385354075,0.3292664675
626,0.258000138,0.568353522,0.41317683
627,0.503077339,0.409843269,0.456460304
628,0.439391983,0.594737106,0.5170645445
629,0.352058614,0.47370728,0.412882947
630,0.503077339,0.409843269,0.456460304
